6.85e+22
1.335e+23
2.385e+23
3.534e+23
4.968e+23
6.686e+23
8.602e+23
1.0682e+24
1.2856e+24
1.51e+24
1.736e+24
1.96e+24
2.184e+24
2.394e+24
2.594e+24
2.776e+24
2.948e+24
3.106e+24
3.252e+24
3.378e+24
3.48e+24
3.56e+24
3.618e+24
3.662e+24
3.698e+24
3.72e+24
3.73e+24
3.72e+24
3.698e+24
3.662e+24
3.618e+24
3.56e+24
3.48e+24
3.378e+24
3.252e+24
3.106e+24
2.948e+24
2.776e+24
2.594e+24
2.394e+24
2.184e+24
1.96e+24
1.736e+24
1.51e+24
1.2856e+24
1.0682e+24
8.602e+23
6.686e+23
4.968e+23
3.534e+23
2.385e+23
1.335e+23
6.85e+22
