1.73e+21
3.4167e+21
6.024e+21
8.818e+21
1.2208e+22
1.6154e+22
2.052e+22
2.518e+22
3.004e+22
3.502e+22
4e+22
4.492e+22
4.972e+22
5.426e+22
5.852e+22
6.244e+22
6.604e+22
6.93e+22
7.224e+22
7.476e+22
7.686e+22
7.856e+22
7.992e+22
8.1e+22
8.182e+22
8.236e+22
8.256e+22
8.236e+22
8.182e+22
8.1e+22
7.992e+22
7.856e+22
7.686e+22
7.476e+22
7.224e+22
6.93e+22
6.604e+22
6.244e+22
5.852e+22
5.426e+22
4.972e+22
4.492e+22
4e+22
3.502e+22
3.004e+22
2.518e+22
2.052e+22
1.6154e+22
1.2208e+22
8.818e+21
6.024e+21
3.4167e+21
1.73e+21
