1.74e+25
3.0467e+25
4.586e+25
6.012e+25
7.342e+25
8.4e+25
9.064e+25
9.304e+25
9.138e+25
8.676e+25
7.966e+25
7.17e+25
6.328e+25
5.518e+25
4.776e+25
4.11e+25
3.55e+25
3.086e+25
2.714e+25
2.414e+25
2.18e+25
1.998e+25
1.86e+25
1.762e+25
1.698e+25
1.662e+25
1.65e+25
1.662e+25
1.698e+25
1.762e+25
1.86e+25
1.998e+25
2.18e+25
2.414e+25
2.714e+25
3.086e+25
3.55e+25
4.11e+25
4.776e+25
5.518e+25
6.328e+25
7.17e+25
7.966e+25
8.676e+25
9.138e+25
9.304e+25
9.064e+25
8.4e+25
7.342e+25
6.012e+25
4.586e+25
3.0467e+25
1.74e+25
