1.97e+23
3.81e+23
6.566e+23
9.472e+23
1.293e+24
1.68e+24
2.09e+24
2.506e+24
2.914e+24
3.304e+24
3.668e+24
3.998e+24
4.294e+24
4.55e+24
4.766e+24
4.94e+24
5.084e+24
5.198e+24
5.288e+24
5.352e+24
5.396e+24
5.424e+24
5.444e+24
5.46e+24
5.474e+24
5.486e+24
5.492e+24
5.486e+24
5.474e+24
5.46e+24
5.444e+24
5.424e+24
5.396e+24
5.352e+24
5.288e+24
5.198e+24
5.084e+24
4.94e+24
4.766e+24
4.55e+24
4.294e+24
3.998e+24
3.668e+24
3.304e+24
2.914e+24
2.506e+24
2.09e+24
1.68e+24
1.293e+24
9.472e+23
6.566e+23
3.81e+23
1.97e+23
