2.43e+25
4.2e+25
6.206e+25
8.04e+25
9.702e+25
1.0926e+26
1.16e+26
1.17e+26
1.1268e+26
1.0472e+26
9.41e+25
8.288e+25
7.156e+25
6.114e+25
5.188e+25
4.386e+25
3.724e+25
3.19e+25
2.77e+25
2.438e+25
2.18e+25
1.984e+25
1.836e+25
1.73e+25
1.662e+25
1.624e+25
1.61e+25
1.624e+25
1.662e+25
1.73e+25
1.836e+25
1.984e+25
2.18e+25
2.438e+25
2.77e+25
3.19e+25
3.724e+25
4.386e+25
5.188e+25
6.114e+25
7.156e+25
8.288e+25
9.41e+25
1.0472e+26
1.1268e+26
1.17e+26
1.16e+26
1.0926e+26
9.702e+25
8.04e+25
6.206e+25
4.2e+25
2.43e+25
