4.4e+22
8.6533e+22
1.5152e+23
2.2092e+23
3.048e+23
4.014e+23
5.07e+23
6.182e+23
7.322e+23
8.464e+23
9.586e+23
1.068e+24
1.1722e+24
1.27e+24
1.36e+24
1.44e+24
1.512e+24
1.576e+24
1.632e+24
1.678e+24
1.716e+24
1.746e+24
1.77e+24
1.788e+24
1.802e+24
1.812e+24
1.816e+24
1.812e+24
1.802e+24
1.788e+24
1.77e+24
1.746e+24
1.716e+24
1.678e+24
1.632e+24
1.576e+24
1.512e+24
1.44e+24
1.36e+24
1.27e+24
1.1722e+24
1.068e+24
9.586e+23
8.464e+23
7.322e+23
6.182e+23
5.07e+23
4.014e+23
3.048e+23
2.2092e+23
1.5152e+23
8.6533e+22
4.4e+22
