1.17e+25
2.0767e+25
3.188e+25
4.234e+25
5.248e+25
6.108e+25
6.714e+25
7.034e+25
7.062e+25
6.86e+25
6.454e+25
5.95e+25
5.38e+25
4.804e+25
4.252e+25
3.738e+25
3.292e+25
2.912e+25
2.6e+25
2.344e+25
2.14e+25
1.978e+25
1.854e+25
1.764e+25
1.704e+25
1.67e+25
1.66e+25
1.67e+25
1.704e+25
1.764e+25
1.854e+25
1.978e+25
2.14e+25
2.344e+25
2.6e+25
2.912e+25
3.292e+25
3.738e+25
4.252e+25
4.804e+25
5.38e+25
5.95e+25
6.454e+25
6.86e+25
7.062e+25
7.034e+25
6.714e+25
6.108e+25
5.248e+25
4.234e+25
3.188e+25
2.0767e+25
1.17e+25
