2.7e+24
4.9267e+24
7.976e+24
1.1016e+25
1.4284e+25
1.754e+25
2.044e+25
2.282e+25
2.456e+25
2.568e+25
2.612e+25
2.604e+25
2.55e+25
2.462e+25
2.352e+25
2.226e+25
2.102e+25
1.982e+25
1.872e+25
1.772e+25
1.686e+25
1.614e+25
1.558e+25
1.516e+25
1.488e+25
1.472e+25
1.468e+25
1.472e+25
1.488e+25
1.516e+25
1.558e+25
1.614e+25
1.686e+25
1.772e+25
1.872e+25
1.982e+25
2.102e+25
2.226e+25
2.352e+25
2.462e+25
2.55e+25
2.604e+25
2.612e+25
2.568e+25
2.456e+25
2.282e+25
2.044e+25
1.754e+25
1.4284e+25
1.1016e+25
7.976e+24
4.9267e+24
2.7e+24
