2.07e+25
3.6e+25
5.37e+25
6.996e+25
8.49e+25
9.63e+25
1.0304e+26
1.048e+26
1.019e+26
9.572e+25
8.696e+25
7.742e+25
6.756e+25
5.83e+25
4.994e+25
4.258e+25
3.646e+25
3.146e+25
2.748e+25
2.432e+25
2.186e+25
1.994e+25
1.85e+25
1.748e+25
1.68e+25
1.642e+25
1.63e+25
1.642e+25
1.68e+25
1.748e+25
1.85e+25
1.994e+25
2.186e+25
2.432e+25
2.748e+25
3.146e+25
3.646e+25
4.258e+25
4.994e+25
5.83e+25
6.756e+25
7.742e+25
8.696e+25
9.572e+25
1.019e+26
1.048e+26
1.0304e+26
9.63e+25
8.49e+25
6.996e+25
5.37e+25
3.6e+25
2.07e+25
