7.39e+23
1.4063e+24
2.3658e+24
3.356e+24
4.456e+24
5.602e+24
6.726e+24
7.758e+24
8.64e+24
9.38e+24
9.938e+24
1.0316e+25
1.056e+25
1.068e+25
1.068e+25
1.06e+25
1.048e+25
1.031e+25
1.0134e+25
9.972e+24
9.83e+24
9.714e+24
9.62e+24
9.55e+24
9.508e+24
9.484e+24
9.476e+24
9.484e+24
9.508e+24
9.55e+24
9.62e+24
9.714e+24
9.83e+24
9.972e+24
1.0134e+25
1.031e+25
1.048e+25
1.06e+25
1.068e+25
1.068e+25
1.056e+25
1.0316e+25
9.938e+24
9.38e+24
8.64e+24
7.758e+24
6.726e+24
5.602e+24
4.456e+24
3.356e+24
2.3658e+24
1.4063e+24
7.39e+23
