1.37e+24
2.5833e+24
4.272e+24
5.99e+24
7.852e+24
9.734e+24
1.1484e+25
1.2992e+25
1.418e+25
1.504e+25
1.556e+25
1.58e+25
1.578e+25
1.556e+25
1.522e+25
1.478e+25
1.43e+25
1.382e+25
1.338e+25
1.298e+25
1.264e+25
1.236e+25
1.214e+25
1.198e+25
1.188e+25
1.182e+25
1.18e+25
1.182e+25
1.188e+25
1.198e+25
1.214e+25
1.236e+25
1.264e+25
1.298e+25
1.338e+25
1.382e+25
1.43e+25
1.478e+25
1.522e+25
1.556e+25
1.578e+25
1.58e+25
1.556e+25
1.504e+25
1.418e+25
1.2992e+25
1.1484e+25
9.734e+24
7.852e+24
5.99e+24
4.272e+24
2.5833e+24
1.37e+24
