8.74e+24
1.5947e+25
2.4748e+25
3.316e+25
4.128e+25
4.814e+25
5.306e+25
5.562e+25
5.588e+25
5.43e+25
5.112e+25
4.712e+25
4.274e+25
3.83e+25
3.42e+25
3.05e+25
2.738e+25
2.478e+25
2.266e+25
2.096e+25
1.962e+25
1.86e+25
1.782e+25
1.726e+25
1.688e+25
1.666e+25
1.658e+25
1.666e+25
1.688e+25
1.726e+25
1.782e+25
1.86e+25
1.962e+25
2.096e+25
2.266e+25
2.478e+25
2.738e+25
3.05e+25
3.42e+25
3.83e+25
4.274e+25
4.712e+25
5.112e+25
5.43e+25
5.588e+25
5.562e+25
5.306e+25
4.814e+25
4.128e+25
3.316e+25
2.4748e+25
1.5947e+25
8.74e+24
