2.64e+24
4.81e+24
7.806e+24
1.0798e+25
1.4028e+25
1.724e+25
2.012e+25
2.25e+25
2.424e+25
2.536e+25
2.584e+25
2.578e+25
2.526e+25
2.438e+25
2.326e+25
2.198e+25
2.07e+25
1.944e+25
1.83e+25
1.726e+25
1.634e+25
1.558e+25
1.498e+25
1.454e+25
1.424e+25
1.408e+25
1.402e+25
1.408e+25
1.424e+25
1.454e+25
1.498e+25
1.558e+25
1.634e+25
1.726e+25
1.83e+25
1.944e+25
2.07e+25
2.198e+25
2.326e+25
2.438e+25
2.526e+25
2.578e+25
2.584e+25
2.536e+25
2.424e+25
2.25e+25
2.012e+25
1.724e+25
1.4028e+25
1.0798e+25
7.806e+24
4.81e+24
2.64e+24
