1.44e+25
2.54e+25
3.862e+25
5.098e+25
6.274e+25
7.244e+25
7.888e+25
8.182e+25
8.122e+25
7.796e+25
7.236e+25
6.584e+25
5.866e+25
5.16e+25
4.496e+25
3.892e+25
3.374e+25
2.94e+25
2.59e+25
2.306e+25
2.082e+25
1.908e+25
1.776e+25
1.682e+25
1.622e+25
1.588e+25
1.576e+25
1.588e+25
1.622e+25
1.682e+25
1.776e+25
1.908e+25
2.082e+25
2.306e+25
2.59e+25
2.94e+25
3.374e+25
3.892e+25
4.496e+25
5.16e+25
5.866e+25
6.584e+25
7.236e+25
7.796e+25
8.122e+25
8.182e+25
7.888e+25
7.244e+25
6.274e+25
5.098e+25
3.862e+25
2.54e+25
1.44e+25
