1.64e+24
3.04e+24
5.004e+24
6.996e+24
9.194e+24
1.146e+25
1.3574e+25
1.544e+25
1.694e+25
1.808e+25
1.88e+25
1.916e+25
1.918e+25
1.892e+25
1.844e+25
1.778e+25
1.708e+25
1.636e+25
1.566e+25
1.5e+25
1.44e+25
1.388e+25
1.346e+25
1.316e+25
1.294e+25
1.284e+25
1.282e+25
1.284e+25
1.294e+25
1.316e+25
1.346e+25
1.388e+25
1.44e+25
1.5e+25
1.566e+25
1.636e+25
1.708e+25
1.778e+25
1.844e+25
1.892e+25
1.918e+25
1.916e+25
1.88e+25
1.808e+25
1.694e+25
1.544e+25
1.3574e+25
1.146e+25
9.194e+24
6.996e+24
5.004e+24
3.04e+24
1.64e+24
