9.16e+23
1.7253e+24
2.8872e+24
4.082e+24
5.436e+24
6.88e+24
8.302e+24
9.608e+24
1.075e+25
1.1718e+25
1.246e+25
1.298e+25
1.332e+25
1.346e+25
1.344e+25
1.328e+25
1.306e+25
1.278e+25
1.25e+25
1.22e+25
1.19e+25
1.162e+25
1.138e+25
1.12e+25
1.108e+25
1.102e+25
1.1e+25
1.102e+25
1.108e+25
1.12e+25
1.138e+25
1.162e+25
1.19e+25
1.22e+25
1.25e+25
1.278e+25
1.306e+25
1.328e+25
1.344e+25
1.346e+25
1.332e+25
1.298e+25
1.246e+25
1.1718e+25
1.075e+25
9.608e+24
8.302e+24
6.88e+24
5.436e+24
4.082e+24
2.8872e+24
1.7253e+24
9.16e+23
