7.06e+24
1.2787e+25
2.0132e+25
2.72e+25
3.434e+25
4.082e+25
4.59e+25
4.926e+25
5.076e+25
5.064e+25
4.898e+25
4.642e+25
4.314e+25
3.952e+25
3.584e+25
3.222e+25
2.892e+25
2.6e+25
2.352e+25
2.142e+25
1.972e+25
1.834e+25
1.728e+25
1.65e+25
1.598e+25
1.568e+25
1.56e+25
1.568e+25
1.598e+25
1.65e+25
1.728e+25
1.834e+25
1.972e+25
2.142e+25
2.352e+25
2.6e+25
2.892e+25
3.222e+25
3.584e+25
3.952e+25
4.314e+25
4.642e+25
4.898e+25
5.064e+25
5.076e+25
4.926e+25
4.59e+25
4.082e+25
3.434e+25
2.72e+25
2.0132e+25
1.2787e+25
7.06e+24
