3.41e+15
6.7333e+15
1.192e+16
1.7498e+16
2.436e+16
3.242e+16
4.138e+16
5.106e+16
6.126e+16
7.18e+16
8.242e+16
9.322e+16
1.039e+17
1.1404e+17
1.238e+17
1.328e+17
1.412e+17
1.488e+17
1.558e+17
1.618e+17
1.67e+17
1.71e+17
1.744e+17
1.77e+17
1.79e+17
1.802e+17
1.808e+17
1.802e+17
1.79e+17
1.77e+17
1.744e+17
1.71e+17
1.67e+17
1.618e+17
1.558e+17
1.488e+17
1.412e+17
1.328e+17
1.238e+17
1.1404e+17
1.039e+17
9.322e+16
8.242e+16
7.18e+16
6.126e+16
5.106e+16
4.138e+16
3.242e+16
2.436e+16
1.7498e+16
1.192e+16
6.7333e+15
3.41e+15
