8.49e+17
1.6763e+18
2.9678e+18
4.358e+18
6.07e+18
8.082e+18
1.0316e+19
1.272e+19
1.526e+19
1.788e+19
2.054e+19
2.322e+19
2.588e+19
2.842e+19
3.084e+19
3.308e+19
3.516e+19
3.706e+19
3.88e+19
4.03e+19
4.156e+19
4.258e+19
4.34e+19
4.404e+19
4.454e+19
4.486e+19
4.498e+19
4.486e+19
4.454e+19
4.404e+19
4.34e+19
4.258e+19
4.156e+19
4.03e+19
3.88e+19
3.706e+19
3.516e+19
3.308e+19
3.084e+19
2.842e+19
2.588e+19
2.322e+19
2.054e+19
1.788e+19
1.526e+19
1.272e+19
1.0316e+19
8.082e+18
6.07e+18
4.358e+18
2.9678e+18
1.6763e+18
8.49e+17
