2.12e+25
3.6767e+25
5.464e+25
7.12e+25
8.626e+25
9.798e+25
1.0474e+26
1.0652e+26
1.034e+26
9.712e+25
8.786e+25
7.798e+25
6.768e+25
5.792e+25
4.908e+25
4.118e+25
3.47e+25
2.93e+25
2.51e+25
2.176e+25
1.916e+25
1.718e+25
1.57e+25
1.466e+25
1.398e+25
1.362e+25
1.35e+25
1.362e+25
1.398e+25
1.466e+25
1.57e+25
1.718e+25
1.916e+25
2.176e+25
2.51e+25
2.93e+25
3.47e+25
4.118e+25
4.908e+25
5.792e+25
6.768e+25
7.798e+25
8.786e+25
9.712e+25
1.034e+26
1.0652e+26
1.0474e+26
9.798e+25
8.626e+25
7.12e+25
5.464e+25
3.6767e+25
2.12e+25
