1.63e+24
3.02e+24
4.976e+24
6.97e+24
9.194e+24
1.1504e+25
1.3668e+25
1.558e+25
1.712e+25
1.826e+25
1.896e+25
1.928e+25
1.924e+25
1.886e+25
1.826e+25
1.744e+25
1.656e+25
1.564e+25
1.478e+25
1.394e+25
1.318e+25
1.25e+25
1.194e+25
1.152e+25
1.122e+25
1.106e+25
1.102e+25
1.106e+25
1.122e+25
1.152e+25
1.194e+25
1.25e+25
1.318e+25
1.394e+25
1.478e+25
1.564e+25
1.656e+25
1.744e+25
1.826e+25
1.886e+25
1.924e+25
1.928e+25
1.896e+25
1.826e+25
1.712e+25
1.558e+25
1.3668e+25
1.1504e+25
9.194e+24
6.97e+24
4.976e+24
3.02e+24
1.63e+24
