9.04e+22
1.7613e+23
3.1108e+23
4.566e+23
6.344e+23
8.45e+23
1.0748e+24
1.3196e+24
1.572e+24
1.828e+24
2.08e+24
2.326e+24
2.564e+24
2.784e+24
2.986e+24
3.164e+24
3.328e+24
3.474e+24
3.604e+24
3.712e+24
3.798e+24
3.862e+24
3.91e+24
3.946e+24
3.976e+24
3.996e+24
4.006e+24
3.996e+24
3.976e+24
3.946e+24
3.91e+24
3.862e+24
3.798e+24
3.712e+24
3.604e+24
3.474e+24
3.328e+24
3.164e+24
2.986e+24
2.784e+24
2.564e+24
2.326e+24
2.08e+24
1.828e+24
1.572e+24
1.3196e+24
1.0748e+24
8.45e+23
6.344e+23
4.566e+23
3.1108e+23
1.7613e+23
9.04e+22
