2.52e+16
4.99e+16
8.994e+16
1.337e+17
1.8898e+17
2.56e+17
3.322e+17
4.166e+17
5.078e+17
6.048e+17
7.062e+17
8.116e+17
9.196e+17
1.0256e+18
1.1302e+18
1.23e+18
1.326e+18
1.418e+18
1.506e+18
1.584e+18
1.652e+18
1.708e+18
1.752e+18
1.786e+18
1.812e+18
1.828e+18
1.834e+18
1.828e+18
1.812e+18
1.786e+18
1.752e+18
1.708e+18
1.652e+18
1.584e+18
1.506e+18
1.418e+18
1.326e+18
1.23e+18
1.1302e+18
1.0256e+18
9.196e+17
8.116e+17
7.062e+17
6.048e+17
5.078e+17
4.166e+17
3.322e+17
2.56e+17
1.8898e+17
1.337e+17
8.994e+16
4.99e+16
2.52e+16
