1.09e-54
2.1233e-54
3.97e-54
6.072e-54
8.748e-54
1.2036e-53
1.5888e-53
2.03e-53
2.526e-53
3.082e-53
3.694e-53
4.34e-53
5.026e-53
5.736e-53
6.484e-53
7.254e-53
8.062e-53
8.872e-53
9.674e-53
1.0444e-52
1.1206e-52
1.196e-52
1.274e-52
1.35e-52
1.424e-52
1.492e-52
1.558e-52
1.618e-52
1.678e-52
1.736e-52
1.788e-52
1.828e-52
1.86e-52
1.884e-52
1.902e-52
1.916e-52
1.928e-52
1.932e-52
1.928e-52
1.916e-52
1.902e-52
1.884e-52
1.86e-52
1.828e-52
1.788e-52
1.736e-52
1.678e-52
1.618e-52
1.558e-52
1.492e-52
1.424e-52
1.35e-52
1.274e-52
1.196e-52
1.1206e-52
1.0444e-52
9.674e-53
8.872e-53
8.062e-53
7.254e-53
6.484e-53
5.736e-53
5.026e-53
4.34e-53
3.694e-53
3.082e-53
2.526e-53
2.03e-53
1.5888e-53
1.2036e-53
8.748e-54
6.072e-54
3.97e-54
2.1233e-54
1.09e-54
