1.15e-22
2.24e-22
4.186e-22
6.396e-22
9.232e-22
1.2702e-21
1.6756e-21
2.142e-21
2.666e-21
3.25e-21
3.894e-21
4.576e-21
5.298e-21
6.048e-21
6.838e-21
7.652e-21
8.512e-21
9.372e-21
1.0214e-20
1.1036e-20
1.184e-20
1.264e-20
1.344e-20
1.424e-20
1.502e-20
1.574e-20
1.642e-20
1.708e-20
1.772e-20
1.832e-20
1.886e-20
1.928e-20
1.96e-20
1.984e-20
2.004e-20
2.02e-20
2.034e-20
2.038e-20
2.034e-20
2.02e-20
2.004e-20
1.984e-20
1.96e-20
1.928e-20
1.886e-20
1.832e-20
1.772e-20
1.708e-20
1.642e-20
1.574e-20
1.502e-20
1.424e-20
1.344e-20
1.264e-20
1.184e-20
1.1036e-20
1.0214e-20
9.372e-21
8.512e-21
7.652e-21
6.838e-21
6.048e-21
5.298e-21
4.576e-21
3.894e-21
3.25e-21
2.666e-21
2.142e-21
1.6756e-21
1.2702e-21
9.232e-22
6.396e-22
4.186e-22
2.24e-22
1.15e-22
