3.17e+24
5.86e+24
9.496e+24
1.3082e+25
1.6916e+25
2.064e+25
2.392e+25
2.646e+25
2.818e+25
2.904e+25
2.904e+25
2.84e+25
2.72e+25
2.56e+25
2.374e+25
2.176e+25
1.976e+25
1.788e+25
1.616e+25
1.458e+25
1.318e+25
1.193e+25
1.0848e+25
9.902e+24
9.118e+24
8.444e+24
7.874e+24
7.392e+24
6.978e+24
6.638e+24
6.35e+24
6.118e+24
5.926e+24
5.774e+24
5.656e+24
5.574e+24
5.524e+24
5.508e+24
5.524e+24
5.574e+24
5.656e+24
5.774e+24
5.926e+24
6.118e+24
6.35e+24
6.638e+24
6.978e+24
7.392e+24
7.874e+24
8.444e+24
9.118e+24
9.902e+24
1.0848e+25
1.193e+25
1.318e+25
1.458e+25
1.616e+25
1.788e+25
1.976e+25
2.176e+25
2.374e+25
2.56e+25
2.72e+25
2.84e+25
2.904e+25
2.904e+25
2.818e+25
2.646e+25
2.392e+25
2.064e+25
1.6916e+25
1.3082e+25
9.496e+24
5.86e+24
3.17e+24
