1.54e+25
2.7133e+25
4.032e+25
5.296e+25
6.438e+25
7.414e+25
7.974e+25
8.24e+25
8.098e+25
7.748e+25
7.08e+25
6.398e+25
5.62e+25
4.85e+25
4.144e+25
3.468e+25
2.928e+25
2.428e+25
2.046e+25
1.722e+25
1.458e+25
1.2478e+25
1.0712e+25
9.38e+24
8.27e+24
7.422e+24
6.74e+24
6.19e+24
5.754e+24
5.394e+24
5.118e+24
4.892e+24
4.716e+24
4.578e+24
4.474e+24
4.402e+24
4.358e+24
4.344e+24
4.358e+24
4.402e+24
4.474e+24
4.578e+24
4.716e+24
4.892e+24
5.118e+24
5.394e+24
5.754e+24
6.19e+24
6.74e+24
7.422e+24
8.27e+24
9.38e+24
1.0712e+25
1.2478e+25
1.458e+25
1.722e+25
2.046e+25
2.428e+25
2.928e+25
3.468e+25
4.144e+25
4.85e+25
5.62e+25
6.398e+25
7.08e+25
7.748e+25
8.098e+25
8.24e+25
7.974e+25
7.414e+25
6.438e+25
5.296e+25
4.032e+25
2.7133e+25
1.54e+25
