3.83e+22
7.3033e+22
1.3202e+23
1.9756e+23
2.78e+23
3.734e+23
4.788e+23
5.938e+23
7.136e+23
8.4e+23
9.676e+23
1.0908e+24
1.211e+24
1.322e+24
1.428e+24
1.524e+24
1.616e+24
1.696e+24
1.764e+24
1.818e+24
1.864e+24
1.904e+24
1.936e+24
1.964e+24
1.988e+24
2e+24
2.008e+24
2.014e+24
2.024e+24
2.03e+24
2.036e+24
2.034e+24
2.028e+24
2.018e+24
2.012e+24
2.008e+24
2.01e+24
2.01e+24
2.01e+24
2.008e+24
2.012e+24
2.018e+24
2.028e+24
2.034e+24
2.036e+24
2.03e+24
2.024e+24
2.014e+24
2.008e+24
2e+24
1.988e+24
1.964e+24
1.936e+24
1.904e+24
1.864e+24
1.818e+24
1.764e+24
1.696e+24
1.616e+24
1.524e+24
1.428e+24
1.322e+24
1.211e+24
1.0908e+24
9.676e+23
8.4e+23
7.136e+23
5.938e+23
4.788e+23
3.734e+23
2.78e+23
1.9756e+23
1.3202e+23
7.3033e+22
3.83e+22
