2.5e+25
4.3233e+25
6.374e+25
8.254e+25
9.942e+25
1.122e+26
1.188e+26
1.196e+26
1.1492e+26
1.066e+26
9.49e+25
8.302e+25
7.076e+25
5.92e+25
4.888e+25
3.974e+25
3.226e+25
2.604e+25
2.12e+25
1.73e+25
1.4242e+25
1.1836e+25
9.942e+24
8.49e+24
7.372e+24
6.512e+24
5.84e+24
5.316e+24
4.902e+24
4.576e+24
4.32e+24
4.12e+24
3.962e+24
3.84e+24
3.748e+24
3.686e+24
3.648e+24
3.636e+24
3.648e+24
3.686e+24
3.748e+24
3.84e+24
3.962e+24
4.12e+24
4.32e+24
4.576e+24
4.902e+24
5.316e+24
5.84e+24
6.512e+24
7.372e+24
8.49e+24
9.942e+24
1.1836e+25
1.4242e+25
1.73e+25
2.12e+25
2.604e+25
3.226e+25
3.974e+25
4.888e+25
5.92e+25
7.076e+25
8.302e+25
9.49e+25
1.066e+26
1.1492e+26
1.196e+26
1.188e+26
1.122e+26
9.942e+25
8.254e+25
6.374e+25
4.3233e+25
2.5e+25
