8.57e+23
1.5823e+24
2.6874e+24
3.848e+24
5.152e+24
6.566e+24
7.928e+24
9.208e+24
1.0296e+25
1.1186e+25
1.184e+25
1.222e+25
1.238e+25
1.228e+25
1.206e+25
1.162e+25
1.1116e+25
1.0484e+25
9.814e+24
9.076e+24
8.334e+24
7.638e+24
6.948e+24
6.31e+24
5.71e+24
5.156e+24
4.646e+24
4.184e+24
3.798e+24
3.45e+24
3.15e+24
2.89e+24
2.68e+24
2.502e+24
2.368e+24
2.282e+24
2.232e+24
2.214e+24
2.232e+24
2.282e+24
2.368e+24
2.502e+24
2.68e+24
2.89e+24
3.15e+24
3.45e+24
3.798e+24
4.184e+24
4.646e+24
5.156e+24
5.71e+24
6.31e+24
6.948e+24
7.638e+24
8.334e+24
9.076e+24
9.814e+24
1.0484e+25
1.1116e+25
1.162e+25
1.206e+25
1.228e+25
1.238e+25
1.222e+25
1.184e+25
1.1186e+25
1.0296e+25
9.208e+24
7.928e+24
6.566e+24
5.152e+24
3.848e+24
2.6874e+24
1.5823e+24
8.57e+23
