1.2163e+10
2.3621e+10
4.4145e+10
6.7513e+10
9.7454e+10
1.3397e+11
1.767e+11
2.258e+11
2.808e+11
3.424e+11
4.104e+11
4.824e+11
5.586e+11
6.378e+11
7.212e+11
8.07e+11
8.964e+11
9.87e+11
1.077e+12
1.1638e+12
1.25e+12
1.336e+12
1.422e+12
1.506e+12
1.588e+12
1.664e+12
1.736e+12
1.804e+12
1.87e+12
1.932e+12
1.988e+12
2.032e+12
2.066e+12
2.092e+12
2.114e+12
2.13e+12
2.144e+12
2.148e+12
2.144e+12
2.13e+12
2.114e+12
2.092e+12
2.066e+12
2.032e+12
1.988e+12
1.932e+12
1.87e+12
1.804e+12
1.736e+12
1.664e+12
1.588e+12
1.506e+12
1.422e+12
1.336e+12
1.25e+12
1.1638e+12
1.077e+12
9.87e+11
8.964e+11
8.07e+11
7.212e+11
6.378e+11
5.586e+11
4.824e+11
4.104e+11
3.424e+11
2.808e+11
2.258e+11
1.767e+11
1.3397e+11
9.7454e+10
6.7513e+10
4.4145e+10
2.3621e+10
1.2163e+10
