1.04e-86
2.0167e-86
3.766e-86
5.758e-86
8.314e-86
1.1436e-85
1.5084e-85
1.928e-85
2.398e-85
2.924e-85
3.504e-85
4.118e-85
4.768e-85
5.442e-85
6.152e-85
6.882e-85
7.646e-85
8.416e-85
9.172e-85
9.904e-85
1.0638e-84
1.1354e-84
1.208e-84
1.28e-84
1.35e-84
1.414e-84
1.476e-84
1.534e-84
1.592e-84
1.646e-84
1.694e-84
1.732e-84
1.762e-84
1.784e-84
1.802e-84
1.816e-84
1.828e-84
1.832e-84
1.828e-84
1.816e-84
1.802e-84
1.784e-84
1.762e-84
1.732e-84
1.694e-84
1.646e-84
1.592e-84
1.534e-84
1.476e-84
1.414e-84
1.35e-84
1.28e-84
1.208e-84
1.1354e-84
1.0638e-84
9.904e-85
9.172e-85
8.416e-85
7.646e-85
6.882e-85
6.152e-85
5.442e-85
4.768e-85
4.118e-85
3.504e-85
2.924e-85
2.398e-85
1.928e-85
1.5084e-85
1.1436e-85
8.314e-86
5.758e-86
3.766e-86
2.0167e-86
1.04e-86
