9.05e+24
1.6217e+25
2.481e+25
3.314e+25
4.112e+25
4.834e+25
5.332e+25
5.646e+25
5.708e+25
5.608e+25
5.296e+25
4.924e+25
4.468e+25
3.984e+25
3.516e+25
3.054e+25
2.66e+25
2.294e+25
1.998e+25
1.74e+25
1.524e+25
1.344e+25
1.1892e+25
1.0662e+25
9.626e+24
8.792e+24
8.11e+24
7.538e+24
7.066e+24
6.67e+24
6.35e+24
6.086e+24
5.872e+24
5.704e+24
5.574e+24
5.484e+24
5.428e+24
5.412e+24
5.428e+24
5.484e+24
5.574e+24
5.704e+24
5.872e+24
6.086e+24
6.35e+24
6.67e+24
7.066e+24
7.538e+24
8.11e+24
8.792e+24
9.626e+24
1.0662e+25
1.1892e+25
1.344e+25
1.524e+25
1.74e+25
1.998e+25
2.294e+25
2.66e+25
3.054e+25
3.516e+25
3.984e+25
4.468e+25
4.924e+25
5.296e+25
5.608e+25
5.708e+25
5.646e+25
5.332e+25
4.834e+25
4.112e+25
3.314e+25
2.481e+25
1.6217e+25
9.05e+24
