2.29e+24
4.27e+24
7.024e+24
9.786e+24
1.28e+25
1.5822e+25
1.858e+25
2.086e+25
2.254e+25
2.356e+25
2.39e+25
2.372e+25
2.304e+25
2.196e+25
2.062e+25
1.908e+25
1.746e+25
1.586e+25
1.434e+25
1.29e+25
1.1594e+25
1.0378e+25
9.304e+24
8.362e+24
7.558e+24
6.868e+24
6.278e+24
5.778e+24
5.352e+24
5.002e+24
4.71e+24
4.476e+24
4.288e+24
4.138e+24
4.024e+24
3.942e+24
3.894e+24
3.878e+24
3.894e+24
3.942e+24
4.024e+24
4.138e+24
4.288e+24
4.476e+24
4.71e+24
5.002e+24
5.352e+24
5.778e+24
6.278e+24
6.868e+24
7.558e+24
8.362e+24
9.304e+24
1.0378e+25
1.1594e+25
1.29e+25
1.434e+25
1.586e+25
1.746e+25
1.908e+25
2.062e+25
2.196e+25
2.304e+25
2.372e+25
2.39e+25
2.356e+25
2.254e+25
2.086e+25
1.858e+25
1.5822e+25
1.28e+25
9.786e+24
7.024e+24
4.27e+24
2.29e+24
