1.21e+25
2.1467e+25
3.232e+25
4.278e+25
5.25e+25
6.106e+25
6.644e+25
6.944e+25
6.916e+25
6.698e+25
6.216e+25
5.692e+25
5.076e+25
4.446e+25
3.856e+25
3.282e+25
2.812e+25
2.374e+25
2.03e+25
1.736e+25
1.492e+25
1.2942e+25
1.1262e+25
9.976e+24
8.89e+24
8.044e+24
7.356e+24
6.794e+24
6.342e+24
5.964e+24
5.668e+24
5.424e+24
5.232e+24
5.08e+24
4.964e+24
4.884e+24
4.834e+24
4.818e+24
4.834e+24
4.884e+24
4.964e+24
5.08e+24
5.232e+24
5.424e+24
5.668e+24
5.964e+24
6.342e+24
6.794e+24
7.356e+24
8.044e+24
8.89e+24
9.976e+24
1.1262e+25
1.2942e+25
1.492e+25
1.736e+25
2.03e+25
2.374e+25
2.812e+25
3.282e+25
3.856e+25
4.446e+25
5.076e+25
5.692e+25
6.216e+25
6.698e+25
6.916e+25
6.944e+25
6.644e+25
6.106e+25
5.25e+25
4.278e+25
3.232e+25
2.1467e+25
1.21e+25
