1.56e+24
2.88e+24
4.84e+24
6.828e+24
9.082e+24
1.1392e+25
1.3582e+25
1.55e+25
1.706e+25
1.816e+25
1.878e+25
1.898e+25
1.878e+25
1.822e+25
1.738e+25
1.634e+25
1.518e+25
1.394e+25
1.27e+25
1.147e+25
1.0302e+25
9.184e+24
8.158e+24
7.202e+24
6.356e+24
5.608e+24
4.936e+24
4.346e+24
3.84e+24
3.414e+24
3.04e+24
2.732e+24
2.484e+24
2.278e+24
2.12e+24
2.008e+24
1.946e+24
1.922e+24
1.946e+24
2.008e+24
2.12e+24
2.278e+24
2.484e+24
2.732e+24
3.04e+24
3.414e+24
3.84e+24
4.346e+24
4.936e+24
5.608e+24
6.356e+24
7.202e+24
8.158e+24
9.184e+24
1.0302e+25
1.147e+25
1.27e+25
1.394e+25
1.518e+25
1.634e+25
1.738e+25
1.822e+25
1.878e+25
1.898e+25
1.878e+25
1.816e+25
1.706e+25
1.55e+25
1.3582e+25
1.1392e+25
9.082e+24
6.828e+24
4.84e+24
2.88e+24
1.56e+24
