1.86e+25
3.2433e+25
4.78e+25
6.238e+25
7.536e+25
8.6e+25
9.176e+25
9.388e+25
9.136e+25
8.648e+25
7.82e+25
6.99e+25
6.072e+25
5.184e+25
4.382e+25
3.632e+25
3.036e+25
2.498e+25
2.088e+25
1.746e+25
1.47e+25
1.2538e+25
1.073e+25
9.378e+24
8.266e+24
7.42e+24
6.738e+24
6.192e+24
5.758e+24
5.402e+24
5.124e+24
4.9e+24
4.724e+24
4.586e+24
4.48e+24
4.408e+24
4.362e+24
4.348e+24
4.362e+24
4.408e+24
4.48e+24
4.586e+24
4.724e+24
4.9e+24
5.124e+24
5.402e+24
5.758e+24
6.192e+24
6.738e+24
7.42e+24
8.266e+24
9.378e+24
1.073e+25
1.2538e+25
1.47e+25
1.746e+25
2.088e+25
2.498e+25
3.036e+25
3.632e+25
4.382e+25
5.184e+25
6.072e+25
6.99e+25
7.82e+25
8.648e+25
9.136e+25
9.388e+25
9.176e+25
8.6e+25
7.536e+25
6.238e+25
4.78e+25
3.2433e+25
1.86e+25
