9.33e-151
1.811e-150
3.3846e-150
5.176e-150
7.47e-150
1.0276e-149
1.3546e-149
1.7318e-149
2.154e-149
2.626e-149
3.148e-149
3.702e-149
4.286e-149
4.892e-149
5.532e-149
6.188e-149
6.876e-149
7.57e-149
8.254e-149
8.92e-149
9.584e-149
1.0244e-148
1.089e-148
1.154e-148
1.216e-148
1.274e-148
1.328e-148
1.382e-148
1.434e-148
1.482e-148
1.524e-148
1.558e-148
1.584e-148
1.602e-148
1.62e-148
1.634e-148
1.646e-148
1.648e-148
1.646e-148
1.634e-148
1.62e-148
1.602e-148
1.584e-148
1.558e-148
1.524e-148
1.482e-148
1.434e-148
1.382e-148
1.328e-148
1.274e-148
1.216e-148
1.154e-148
1.089e-148
1.0244e-148
9.584e-149
8.92e-149
8.254e-149
7.57e-149
6.876e-149
6.188e-149
5.532e-149
4.892e-149
4.286e-149
3.702e-149
3.148e-149
2.626e-149
2.154e-149
1.7318e-149
1.3546e-149
1.0276e-149
7.47e-150
5.176e-150
3.3846e-150
1.811e-150
9.33e-151
