6.39e+24
1.1597e+25
1.8078e+25
2.438e+25
3.066e+25
3.646e+25
4.088e+25
4.392e+25
4.52e+25
4.512e+25
4.352e+25
4.12e+25
3.816e+25
3.478e+25
3.134e+25
2.788e+25
2.476e+25
2.186e+25
1.94e+25
1.724e+25
1.538e+25
1.38e+25
1.244e+25
1.13e+25
1.033e+25
9.524e+24
8.844e+24
8.264e+24
7.778e+24
7.368e+24
7.026e+24
6.742e+24
6.51e+24
6.324e+24
6.178e+24
6.078e+24
6.016e+24
5.996e+24
6.016e+24
6.078e+24
6.178e+24
6.324e+24
6.51e+24
6.742e+24
7.026e+24
7.368e+24
7.778e+24
8.264e+24
8.844e+24
9.524e+24
1.033e+25
1.13e+25
1.244e+25
1.38e+25
1.538e+25
1.724e+25
1.94e+25
2.186e+25
2.476e+25
2.788e+25
3.134e+25
3.478e+25
3.816e+25
4.12e+25
4.352e+25
4.512e+25
4.52e+25
4.392e+25
4.088e+25
3.646e+25
3.066e+25
2.438e+25
1.8078e+25
1.1597e+25
6.39e+24
