2.16e+25
3.76e+25
5.54e+25
7.208e+25
8.688e+25
9.864e+25
1.049e+26
1.0648e+26
1.029e+26
9.646e+25
8.648e+25
7.642e+25
6.572e+25
5.554e+25
4.642e+25
3.81e+25
3.14e+25
2.56e+25
2.114e+25
1.748e+25
1.458e+25
1.229e+25
1.0452e+25
9.052e+24
7.928e+24
7.078e+24
6.398e+24
5.86e+24
5.432e+24
5.088e+24
4.816e+24
4.6e+24
4.43e+24
4.298e+24
4.198e+24
4.13e+24
4.088e+24
4.074e+24
4.088e+24
4.13e+24
4.198e+24
4.298e+24
4.43e+24
4.6e+24
4.816e+24
5.088e+24
5.432e+24
5.86e+24
6.398e+24
7.078e+24
7.928e+24
9.052e+24
1.0452e+25
1.229e+25
1.458e+25
1.748e+25
2.114e+25
2.56e+25
3.14e+25
3.81e+25
4.642e+25
5.554e+25
6.572e+25
7.642e+25
8.648e+25
9.646e+25
1.029e+26
1.0648e+26
1.049e+26
9.864e+25
8.688e+25
7.208e+25
5.54e+25
3.76e+25
2.16e+25
