2.86e+25
4.9233e+25
7.252e+25
9.36e+25
1.1248e+26
1.2618e+26
1.33e+26
1.33e+26
1.27e+26
1.1674e+26
1.0326e+26
8.948e+25
7.552e+25
6.256e+25
5.106e+25
4.112e+25
3.29e+25
2.63e+25
2.11e+25
1.7e+25
1.3814e+25
1.133e+25
9.4e+24
7.916e+24
6.804e+24
5.946e+24
5.288e+24
4.78e+24
4.38e+24
4.072e+24
3.83e+24
3.644e+24
3.498e+24
3.388e+24
3.306e+24
3.25e+24
3.216e+24
3.206e+24
3.216e+24
3.25e+24
3.306e+24
3.388e+24
3.498e+24
3.644e+24
3.83e+24
4.072e+24
4.38e+24
4.78e+24
5.288e+24
5.946e+24
6.804e+24
7.916e+24
9.4e+24
1.133e+25
1.3814e+25
1.7e+25
2.11e+25
2.63e+25
3.29e+25
4.112e+25
5.106e+25
6.256e+25
7.552e+25
8.948e+25
1.0326e+26
1.1674e+26
1.27e+26
1.33e+26
1.33e+26
1.2618e+26
1.1248e+26
9.36e+25
7.252e+25
4.9233e+25
2.86e+25
