4.25e+24
7.7967e+24
1.2458e+25
1.7008e+25
2.176e+25
2.624e+25
3.002e+25
3.28e+25
3.446e+25
3.504e+25
3.46e+25
3.342e+25
3.166e+25
2.952e+25
2.718e+25
2.476e+25
2.242e+25
2.026e+25
1.832e+25
1.658e+25
1.504e+25
1.368e+25
1.25e+25
1.1476e+25
1.0602e+25
9.864e+24
9.23e+24
8.678e+24
8.202e+24
7.8e+24
7.456e+24
7.17e+24
6.932e+24
6.742e+24
6.594e+24
6.49e+24
6.426e+24
6.406e+24
6.426e+24
6.49e+24
6.594e+24
6.742e+24
6.932e+24
7.17e+24
7.456e+24
7.8e+24
8.202e+24
8.678e+24
9.23e+24
9.864e+24
1.0602e+25
1.1476e+25
1.25e+25
1.368e+25
1.504e+25
1.658e+25
1.832e+25
2.026e+25
2.242e+25
2.476e+25
2.718e+25
2.952e+25
3.166e+25
3.342e+25
3.46e+25
3.504e+25
3.446e+25
3.28e+25
3.002e+25
2.624e+25
2.176e+25
1.7008e+25
1.2458e+25
7.7967e+24
4.25e+24
