9.84e-119
1.9113e-118
3.5708e-118
5.454e-118
7.87e-118
1.0824e-117
1.4284e-117
1.826e-117
2.272e-117
2.772e-117
3.322e-117
3.904e-117
4.52e-117
5.16e-117
5.832e-117
6.526e-117
7.252e-117
7.982e-117
8.708e-117
9.4e-117
1.01e-116
1.079e-116
1.148e-116
1.216e-116
1.284e-116
1.344e-116
1.402e-116
1.458e-116
1.512e-116
1.562e-116
1.608e-116
1.644e-116
1.672e-116
1.692e-116
1.71e-116
1.724e-116
1.736e-116
1.738e-116
1.736e-116
1.724e-116
1.71e-116
1.692e-116
1.672e-116
1.644e-116
1.608e-116
1.562e-116
1.512e-116
1.458e-116
1.402e-116
1.344e-116
1.284e-116
1.216e-116
1.148e-116
1.079e-116
1.01e-116
9.4e-117
8.708e-117
7.982e-117
7.252e-117
6.526e-117
5.832e-117
5.16e-117
4.52e-117
3.904e-117
3.322e-117
2.772e-117
2.272e-117
1.826e-117
1.4284e-117
1.0824e-117
7.87e-118
5.454e-118
3.5708e-118
1.9113e-118
9.84e-119
