2.82e+23
5.2667e+23
9.2e+23
1.3416e+24
1.831e+24
2.39e+24
2.956e+24
3.534e+24
4.064e+24
4.57e+24
5.01e+24
5.354e+24
5.618e+24
5.788e+24
5.902e+24
5.904e+24
5.884e+24
5.8e+24
5.67e+24
5.488e+24
5.288e+24
5.094e+24
4.868e+24
4.654e+24
4.434e+24
4.216e+24
3.998e+24
3.792e+24
3.624e+24
3.46e+24
3.32e+24
3.188e+24
3.076e+24
2.978e+24
2.904e+24
2.86e+24
2.834e+24
2.828e+24
2.834e+24
2.86e+24
2.904e+24
2.978e+24
3.076e+24
3.188e+24
3.32e+24
3.46e+24
3.624e+24
3.792e+24
3.998e+24
4.216e+24
4.434e+24
4.654e+24
4.868e+24
5.094e+24
5.288e+24
5.488e+24
5.67e+24
5.8e+24
5.884e+24
5.904e+24
5.902e+24
5.788e+24
5.618e+24
5.354e+24
5.01e+24
4.57e+24
4.064e+24
3.534e+24
2.956e+24
2.39e+24
1.831e+24
1.3416e+24
9.2e+23
5.2667e+23
2.82e+23
