4.99e+24
8.9733e+24
1.4464e+25
1.9786e+25
2.538e+25
3.064e+25
3.508e+25
3.832e+25
4.024e+25
4.088e+25
4.032e+25
3.888e+25
3.674e+25
3.424e+25
3.15e+25
2.872e+25
2.604e+25
2.36e+25
2.14e+25
1.95e+25
1.794e+25
1.664e+25
1.56e+25
1.482e+25
1.428e+25
1.396e+25
1.384e+25
1.396e+25
1.428e+25
1.482e+25
1.56e+25
1.664e+25
1.794e+25
1.95e+25
2.14e+25
2.36e+25
2.604e+25
2.872e+25
3.15e+25
3.424e+25
3.674e+25
3.888e+25
4.032e+25
4.088e+25
4.024e+25
3.832e+25
3.508e+25
3.064e+25
2.538e+25
1.9786e+25
1.4464e+25
8.9733e+24
4.99e+24
