6.31e+22
1.2303e+23
2.1942e+23
3.258e+23
4.568e+23
6.178e+23
7.926e+23
9.862e+23
1.1872e+24
1.396e+24
1.608e+24
1.818e+24
2.032e+24
2.23e+24
2.422e+24
2.594e+24
2.76e+24
2.916e+24
3.054e+24
3.18e+24
3.278e+24
3.358e+24
3.412e+24
3.456e+24
3.496e+24
3.514e+24
3.528e+24
3.514e+24
3.496e+24
3.456e+24
3.412e+24
3.358e+24
3.278e+24
3.18e+24
3.054e+24
2.916e+24
2.76e+24
2.594e+24
2.422e+24
2.23e+24
2.032e+24
1.818e+24
1.608e+24
1.396e+24
1.1872e+24
9.862e+23
7.926e+23
6.178e+23
4.568e+23
3.258e+23
2.1942e+23
1.2303e+23
6.31e+22
