1.84e+25
3.2033e+25
4.736e+25
6.186e+25
7.488e+25
8.55e+25
9.15e+25
9.374e+25
9.15e+25
8.688e+25
7.912e+25
7.116e+25
6.244e+25
5.402e+25
4.64e+25
3.93e+25
3.364e+25
2.864e+25
2.484e+25
2.172e+25
1.928e+25
1.744e+25
1.6e+25
1.502e+25
1.436e+25
1.4e+25
1.388e+25
1.4e+25
1.436e+25
1.502e+25
1.6e+25
1.744e+25
1.928e+25
2.172e+25
2.484e+25
2.864e+25
3.364e+25
3.93e+25
4.64e+25
5.402e+25
6.244e+25
7.116e+25
7.912e+25
8.688e+25
9.15e+25
9.374e+25
9.15e+25
8.55e+25
7.488e+25
6.186e+25
4.736e+25
3.2033e+25
1.84e+25
