7.91e+24
1.4203e+25
2.2202e+25
2.984e+25
3.752e+25
4.438e+25
4.97e+25
5.31e+25
5.452e+25
5.42e+25
5.232e+25
4.954e+25
4.608e+25
4.234e+25
3.858e+25
3.498e+25
3.17e+25
2.886e+25
2.648e+25
2.448e+25
2.284e+25
2.152e+25
2.052e+25
1.976e+25
1.926e+25
1.898e+25
1.89e+25
1.898e+25
1.926e+25
1.976e+25
2.052e+25
2.152e+25
2.284e+25
2.448e+25
2.648e+25
2.886e+25
3.17e+25
3.498e+25
3.858e+25
4.234e+25
4.608e+25
4.954e+25
5.232e+25
5.42e+25
5.452e+25
5.31e+25
4.97e+25
4.438e+25
3.752e+25
2.984e+25
2.2202e+25
1.4203e+25
7.91e+24
