2.7e+25
4.6233e+25
6.69e+25
8.63e+25
1.0288e+26
1.1556e+26
1.212e+26
1.218e+26
1.1618e+26
1.0792e+26
9.558e+25
8.4e+25
7.156e+25
6.006e+25
5.002e+25
4.086e+25
3.382e+25
2.764e+25
2.31e+25
1.942e+25
1.658e+25
1.448e+25
1.284e+25
1.176e+25
1.102e+25
1.062e+25
1.048e+25
1.062e+25
1.102e+25
1.176e+25
1.284e+25
1.448e+25
1.658e+25
1.942e+25
2.31e+25
2.764e+25
3.382e+25
4.086e+25
5.002e+25
6.006e+25
7.156e+25
8.4e+25
9.558e+25
1.0792e+26
1.1618e+26
1.218e+26
1.212e+26
1.1556e+26
1.0288e+26
8.63e+25
6.69e+25
4.6233e+25
2.7e+25
