2.97e+24
5.3933e+24
8.776e+24
1.2162e+25
1.5846e+25
1.956e+25
2.288e+25
2.558e+25
2.75e+25
2.864e+25
2.892e+25
2.852e+25
2.75e+25
2.6e+25
2.414e+25
2.206e+25
1.996e+25
1.79e+25
1.6e+25
1.424e+25
1.2666e+25
1.1306e+25
1.0232e+25
9.414e+24
8.864e+24
8.56e+24
8.466e+24
8.56e+24
8.864e+24
9.414e+24
1.0232e+25
1.1306e+25
1.2666e+25
1.424e+25
1.6e+25
1.79e+25
1.996e+25
2.206e+25
2.414e+25
2.6e+25
2.75e+25
2.852e+25
2.892e+25
2.864e+25
2.75e+25
2.558e+25
2.288e+25
1.956e+25
1.5846e+25
1.2162e+25
8.776e+24
5.3933e+24
2.97e+24
