6.2e+24
1.1267e+25
1.786e+25
2.42e+25
3.074e+25
3.674e+25
4.164e+25
4.502e+25
4.68e+25
4.706e+25
4.598e+25
4.398e+25
4.13e+25
3.828e+25
3.51e+25
3.196e+25
2.902e+25
2.644e+25
2.422e+25
2.232e+25
2.076e+25
1.948e+25
1.85e+25
1.776e+25
1.728e+25
1.702e+25
1.694e+25
1.702e+25
1.728e+25
1.776e+25
1.85e+25
1.948e+25
2.076e+25
2.232e+25
2.422e+25
2.644e+25
2.902e+25
3.196e+25
3.51e+25
3.828e+25
4.13e+25
4.398e+25
4.598e+25
4.706e+25
4.68e+25
4.502e+25
4.164e+25
3.674e+25
3.074e+25
2.42e+25
1.786e+25
1.1267e+25
6.2e+24
