1.8e+24
3.2933e+24
5.372e+24
7.532e+24
9.858e+24
1.2376e+25
1.4602e+25
1.66e+25
1.814e+25
1.928e+25
1.986e+25
2.004e+25
1.986e+25
1.926e+25
1.846e+25
1.736e+25
1.632e+25
1.516e+25
1.41e+25
1.306e+25
1.21e+25
1.1258e+25
1.054e+25
1.0012e+25
9.64e+24
9.452e+24
9.396e+24
9.452e+24
9.64e+24
1.0012e+25
1.054e+25
1.1258e+25
1.21e+25
1.306e+25
1.41e+25
1.516e+25
1.632e+25
1.736e+25
1.846e+25
1.926e+25
1.986e+25
2.004e+25
1.986e+25
1.928e+25
1.814e+25
1.66e+25
1.4602e+25
1.2376e+25
9.858e+24
7.532e+24
5.372e+24
3.2933e+24
1.8e+24
