1.1e-152
2.18e-152
3.962e-152
5.962e-152
8.49e-152
1.1674e-151
1.5284e-151
1.936e-151
2.378e-151
2.856e-151
3.366e-151
3.89e-151
4.454e-151
5.004e-151
5.56e-151
6.09e-151
6.616e-151
7.128e-151
7.604e-151
8.052e-151
8.422e-151
8.74e-151
8.984e-151
9.178e-151
9.34e-151
9.426e-151
9.476e-151
9.426e-151
9.34e-151
9.178e-151
8.984e-151
8.74e-151
8.422e-151
8.052e-151
7.604e-151
7.128e-151
6.616e-151
6.09e-151
5.56e-151
5.004e-151
4.454e-151
3.89e-151
3.366e-151
2.856e-151
2.378e-151
1.936e-151
1.5284e-151
1.1674e-151
8.49e-152
5.962e-152
3.962e-152
2.18e-152
1.1e-152
