3.11e+25
5.2967e+25
7.606e+25
9.744e+25
1.1542e+26
1.2868e+26
1.34e+26
1.334e+26
1.262e+26
1.1618e+26
1.0182e+26
8.862e+25
7.482e+25
6.224e+25
5.146e+25
4.178e+25
3.442e+25
2.806e+25
2.344e+25
1.972e+25
1.69e+25
1.482e+25
1.322e+25
1.218e+25
1.146e+25
1.108e+25
1.096e+25
1.108e+25
1.146e+25
1.218e+25
1.322e+25
1.482e+25
1.69e+25
1.972e+25
2.344e+25
2.806e+25
3.442e+25
4.178e+25
5.146e+25
6.224e+25
7.482e+25
8.862e+25
1.0182e+26
1.1618e+26
1.262e+26
1.334e+26
1.34e+26
1.2868e+26
1.1542e+26
9.744e+25
7.606e+25
5.2967e+25
3.11e+25
