3.98e+24
7.14e+24
1.1484e+25
1.5788e+25
2.04e+25
2.488e+25
2.88e+25
3.18e+25
3.378e+25
3.474e+25
3.466e+25
3.378e+25
3.222e+25
3.018e+25
2.782e+25
2.534e+25
2.288e+25
2.058e+25
1.85e+25
1.662e+25
1.498e+25
1.36e+25
1.252e+25
1.17e+25
1.114e+25
1.084e+25
1.074e+25
1.084e+25
1.114e+25
1.17e+25
1.252e+25
1.36e+25
1.498e+25
1.662e+25
1.85e+25
2.058e+25
2.288e+25
2.534e+25
2.782e+25
3.018e+25
3.222e+25
3.378e+25
3.466e+25
3.474e+25
3.378e+25
3.18e+25
2.88e+25
2.488e+25
2.04e+25
1.5788e+25
1.1484e+25
7.14e+24
3.98e+24
