3e+23
5.7267e+23
9.896e+23
1.4376e+24
1.968e+24
2.588e+24
3.228e+24
3.886e+24
4.518e+24
5.124e+24
5.676e+24
6.17e+24
6.62e+24
6.978e+24
7.282e+24
7.496e+24
7.68e+24
7.816e+24
7.918e+24
7.988e+24
8.008e+24
8.004e+24
7.97e+24
7.946e+24
7.94e+24
7.93e+24
7.94e+24
7.93e+24
7.94e+24
7.946e+24
7.97e+24
8.004e+24
8.008e+24
7.988e+24
7.918e+24
7.816e+24
7.68e+24
7.496e+24
7.282e+24
6.978e+24
6.62e+24
6.17e+24
5.676e+24
5.124e+24
4.518e+24
3.886e+24
3.228e+24
2.588e+24
1.968e+24
1.4376e+24
9.896e+23
5.7267e+23
3e+23
