5.2e+24
9.38e+24
1.5028e+25
2.0528e+25
2.628e+25
3.166e+25
3.616e+25
3.942e+25
4.128e+25
4.182e+25
4.112e+25
3.954e+25
3.728e+25
3.464e+25
3.18e+25
2.89e+25
2.616e+25
2.364e+25
2.14e+25
1.946e+25
1.786e+25
1.652e+25
1.546e+25
1.468e+25
1.414e+25
1.384e+25
1.374e+25
1.384e+25
1.414e+25
1.468e+25
1.546e+25
1.652e+25
1.786e+25
1.946e+25
2.14e+25
2.364e+25
2.616e+25
2.89e+25
3.18e+25
3.464e+25
3.728e+25
3.954e+25
4.112e+25
4.182e+25
4.128e+25
3.942e+25
3.616e+25
3.166e+25
2.628e+25
2.0528e+25
1.5028e+25
9.38e+24
5.2e+24
