1.44e+25
2.5333e+25
3.844e+25
5.076e+25
6.244e+25
7.22e+25
7.864e+25
8.164e+25
8.108e+25
7.792e+25
7.228e+25
6.578e+25
5.858e+25
5.14e+25
4.466e+25
3.844e+25
3.314e+25
2.864e+25
2.504e+25
2.21e+25
1.978e+25
1.798e+25
1.66e+25
1.562e+25
1.498e+25
1.462e+25
1.45e+25
1.462e+25
1.498e+25
1.562e+25
1.66e+25
1.798e+25
1.978e+25
2.21e+25
2.504e+25
2.864e+25
3.314e+25
3.844e+25
4.466e+25
5.14e+25
5.858e+25
6.578e+25
7.228e+25
7.792e+25
8.108e+25
8.164e+25
7.864e+25
7.22e+25
6.244e+25
5.076e+25
3.844e+25
2.5333e+25
1.44e+25
