1.46e+21
2.8833e+21
5.196e+21
7.724e+21
1.0918e+22
1.4786e+22
1.918e+22
2.404e+22
2.928e+22
3.486e+22
4.068e+22
4.672e+22
5.29e+22
5.902e+22
6.502e+22
7.074e+22
7.628e+22
8.154e+22
8.652e+22
9.096e+22
9.484e+22
9.786e+22
1.003e+23
1.0234e+23
1.038e+23
1.048e+23
1.052e+23
1.048e+23
1.038e+23
1.0234e+23
1.003e+23
9.786e+22
9.484e+22
9.096e+22
8.652e+22
8.154e+22
7.628e+22
7.074e+22
6.502e+22
5.902e+22
5.29e+22
4.672e+22
4.068e+22
3.486e+22
2.928e+22
2.404e+22
1.918e+22
1.4786e+22
1.0918e+22
7.724e+21
5.196e+21
2.8833e+21
1.46e+21
