3.91e+24
7e+24
1.126e+25
1.5478e+25
1.996e+25
2.432e+25
2.81e+25
3.102e+25
3.296e+25
3.394e+25
3.392e+25
3.314e+25
3.174e+25
2.988e+25
2.774e+25
2.55e+25
2.334e+25
2.128e+25
1.942e+25
1.778e+25
1.636e+25
1.516e+25
1.422e+25
1.352e+25
1.304e+25
1.276e+25
1.266e+25
1.276e+25
1.304e+25
1.352e+25
1.422e+25
1.516e+25
1.636e+25
1.778e+25
1.942e+25
2.128e+25
2.334e+25
2.55e+25
2.774e+25
2.988e+25
3.174e+25
3.314e+25
3.392e+25
3.394e+25
3.296e+25
3.102e+25
2.81e+25
2.432e+25
1.996e+25
1.5478e+25
1.126e+25
7e+24
3.91e+24
