8.95e+24
1.605e+25
2.499e+25
3.352e+25
4.202e+25
4.956e+25
5.522e+25
5.87e+25
5.984e+25
5.902e+25
5.634e+25
5.27e+25
4.83e+25
4.36e+25
3.894e+25
3.446e+25
3.044e+25
2.694e+25
2.404e+25
2.16e+25
1.964e+25
1.806e+25
1.684e+25
1.596e+25
1.538e+25
1.506e+25
1.496e+25
1.506e+25
1.538e+25
1.596e+25
1.684e+25
1.806e+25
1.964e+25
2.16e+25
2.404e+25
2.694e+25
3.044e+25
3.446e+25
3.894e+25
4.36e+25
4.83e+25
5.27e+25
5.634e+25
5.902e+25
5.984e+25
5.87e+25
5.522e+25
4.956e+25
4.202e+25
3.352e+25
2.499e+25
1.605e+25
8.95e+24
