2.89e+25
4.9433e+25
7.236e+25
9.318e+25
1.1148e+26
1.247e+26
1.312e+26
1.31e+26
1.248e+26
1.1492e+26
1.018e+26
8.848e+25
7.524e+25
6.314e+25
5.252e+25
4.34e+25
3.604e+25
3.014e+25
2.56e+25
2.206e+25
1.938e+25
1.736e+25
1.588e+25
1.484e+25
1.418e+25
1.382e+25
1.37e+25
1.382e+25
1.418e+25
1.484e+25
1.588e+25
1.736e+25
1.938e+25
2.206e+25
2.56e+25
3.014e+25
3.604e+25
4.34e+25
5.252e+25
6.314e+25
7.524e+25
8.848e+25
1.018e+26
1.1492e+26
1.248e+26
1.31e+26
1.312e+26
1.247e+26
1.1148e+26
9.318e+25
7.236e+25
4.9433e+25
2.89e+25
