1.21e+23
2.35e+23
4.104e+23
5.982e+23
8.25e+23
1.0874e+24
1.3704e+24
1.666e+24
1.964e+24
2.262e+24
2.548e+24
2.822e+24
3.078e+24
3.31e+24
3.516e+24
3.692e+24
3.846e+24
3.98e+24
4.094e+24
4.184e+24
4.254e+24
4.304e+24
4.338e+24
4.364e+24
4.386e+24
4.4e+24
4.406e+24
4.4e+24
4.386e+24
4.364e+24
4.338e+24
4.304e+24
4.254e+24
4.184e+24
4.094e+24
3.98e+24
3.846e+24
3.692e+24
3.516e+24
3.31e+24
3.078e+24
2.822e+24
2.548e+24
2.262e+24
1.964e+24
1.666e+24
1.3704e+24
1.0874e+24
8.25e+23
5.982e+23
4.104e+23
2.35e+23
1.21e+23
