1.16e+25
2.06e+25
3.166e+25
4.212e+25
5.228e+25
6.098e+25
6.712e+25
7.042e+25
7.076e+25
6.878e+25
6.466e+25
5.956e+25
5.374e+25
4.78e+25
4.208e+25
3.674e+25
3.208e+25
2.81e+25
2.484e+25
2.216e+25
2.002e+25
1.836e+25
1.708e+25
1.618e+25
1.56e+25
1.528e+25
1.516e+25
1.528e+25
1.56e+25
1.618e+25
1.708e+25
1.836e+25
2.002e+25
2.216e+25
2.484e+25
2.81e+25
3.208e+25
3.674e+25
4.208e+25
4.78e+25
5.374e+25
5.956e+25
6.466e+25
6.878e+25
7.076e+25
7.042e+25
6.712e+25
6.098e+25
5.228e+25
4.212e+25
3.166e+25
2.06e+25
1.16e+25
