4.03e+12
7.98e+12
1.4188e+13
2.0942e+13
2.93e+13
3.924e+13
5.044e+13
6.264e+13
7.568e+13
8.926e+13
1.032e+14
1.1736e+14
1.316e+14
1.454e+14
1.588e+14
1.714e+14
1.834e+14
1.946e+14
2.05e+14
2.142e+14
2.22e+14
2.282e+14
2.332e+14
2.37e+14
2.4e+14
2.418e+14
2.426e+14
2.418e+14
2.4e+14
2.37e+14
2.332e+14
2.282e+14
2.22e+14
2.142e+14
2.05e+14
1.946e+14
1.834e+14
1.714e+14
1.588e+14
1.454e+14
1.316e+14
1.1736e+14
1.032e+14
8.926e+13
7.568e+13
6.264e+13
5.044e+13
3.924e+13
2.93e+13
2.0942e+13
1.4188e+13
7.98e+12
4.03e+12
