1.508e+06
2.9816e+06
5.3088e+06
7.834e+06
1.0965e+07
1.469e+07
1.888e+07
2.3452e+07
2.8317e+07
3.3417e+07
3.8659e+07
4.3986e+07
4.9341e+07
5.4557e+07
5.9581e+07
6.43e+07
6.878e+07
7.2945e+07
7.6808e+07
8.0197e+07
8.3075e+07
8.5412e+07
8.7295e+07
8.8754e+07
8.9875e+07
9.0602e+07
9.0883e+07
9.0602e+07
8.9875e+07
8.8754e+07
8.7295e+07
8.5412e+07
8.3075e+07
8.0197e+07
7.6808e+07
7.2945e+07
6.878e+07
6.43e+07
5.9581e+07
5.4557e+07
4.9341e+07
4.3986e+07
3.8659e+07
3.3417e+07
2.8317e+07
2.3452e+07
1.888e+07
1.469e+07
1.0965e+07
7.834e+06
5.3088e+06
2.9816e+06
1.508e+06
