1.71e+24
3.15e+24
5.19e+24
7.288e+24
9.592e+24
1.202e+25
1.4268e+25
1.626e+25
1.782e+25
1.898e+25
1.964e+25
1.988e+25
1.972e+25
1.92e+25
1.844e+25
1.744e+25
1.642e+25
1.534e+25
1.432e+25
1.332e+25
1.24e+25
1.158e+25
1.0904e+25
1.04e+25
1.0058e+25
9.874e+24
9.818e+24
9.874e+24
1.0058e+25
1.04e+25
1.0904e+25
1.158e+25
1.24e+25
1.332e+25
1.432e+25
1.534e+25
1.642e+25
1.744e+25
1.844e+25
1.92e+25
1.972e+25
1.988e+25
1.964e+25
1.898e+25
1.782e+25
1.626e+25
1.4268e+25
1.202e+25
9.592e+24
7.288e+24
5.19e+24
3.15e+24
1.71e+24
