3.02e+23
5.78e+23
1.0008e+24
1.4524e+24
1.993e+24
2.614e+24
3.262e+24
3.922e+24
4.558e+24
5.162e+24
5.71e+24
6.204e+24
6.638e+24
6.99e+24
7.276e+24
7.482e+24
7.648e+24
7.768e+24
7.862e+24
7.912e+24
7.924e+24
7.904e+24
7.87e+24
7.84e+24
7.826e+24
7.822e+24
7.828e+24
7.822e+24
7.826e+24
7.84e+24
7.87e+24
7.904e+24
7.924e+24
7.912e+24
7.862e+24
7.768e+24
7.648e+24
7.482e+24
7.276e+24
6.99e+24
6.638e+24
6.204e+24
5.71e+24
5.162e+24
4.558e+24
3.922e+24
3.262e+24
2.614e+24
1.993e+24
1.4524e+24
1.0008e+24
5.78e+23
3.02e+23
