4.01e+24
7.1933e+24
1.1576e+25
1.5914e+25
2.054e+25
2.502e+25
2.892e+25
3.19e+25
3.386e+25
3.48e+25
3.472e+25
3.384e+25
3.228e+25
3.024e+25
2.792e+25
2.546e+25
2.306e+25
2.08e+25
1.876e+25
1.69e+25
1.53e+25
1.394e+25
1.288e+25
1.208e+25
1.154e+25
1.124e+25
1.114e+25
1.124e+25
1.154e+25
1.208e+25
1.288e+25
1.394e+25
1.53e+25
1.69e+25
1.876e+25
2.08e+25
2.306e+25
2.546e+25
2.792e+25
3.024e+25
3.228e+25
3.384e+25
3.472e+25
3.48e+25
3.386e+25
3.19e+25
2.892e+25
2.502e+25
2.054e+25
1.5914e+25
1.1576e+25
7.1933e+24
4.01e+24
