1.45e+25
2.5433e+25
3.836e+25
5.058e+25
6.206e+25
7.172e+25
7.792e+25
8.088e+25
8.022e+25
7.716e+25
7.148e+25
6.516e+25
5.806e+25
5.1e+25
4.44e+25
3.824e+25
3.308e+25
2.86e+25
2.508e+25
2.218e+25
1.988e+25
1.812e+25
1.676e+25
1.58e+25
1.516e+25
1.482e+25
1.47e+25
1.482e+25
1.516e+25
1.58e+25
1.676e+25
1.812e+25
1.988e+25
2.218e+25
2.508e+25
2.86e+25
3.308e+25
3.824e+25
4.44e+25
5.1e+25
5.806e+25
6.516e+25
7.148e+25
7.716e+25
8.022e+25
8.088e+25
7.792e+25
7.172e+25
6.206e+25
5.058e+25
3.836e+25
2.5433e+25
1.45e+25
