2.18e+25
3.77e+25
5.556e+25
7.22e+25
8.718e+25
9.894e+25
1.0536e+26
1.07e+26
1.0364e+26
9.73e+25
8.768e+25
7.784e+25
6.748e+25
5.762e+25
4.878e+25
4.074e+25
3.43e+25
2.878e+25
2.456e+25
2.116e+25
1.852e+25
1.652e+25
1.5e+25
1.396e+25
1.326e+25
1.288e+25
1.276e+25
1.288e+25
1.326e+25
1.396e+25
1.5e+25
1.652e+25
1.852e+25
2.116e+25
2.456e+25
2.878e+25
3.43e+25
4.074e+25
4.878e+25
5.762e+25
6.748e+25
7.784e+25
8.768e+25
9.73e+25
1.0364e+26
1.07e+26
1.0536e+26
9.894e+25
8.718e+25
7.22e+25
5.556e+25
3.77e+25
2.18e+25
