8.23e+23
1.541e+24
2.5926e+24
3.69e+24
4.948e+24
6.33e+24
7.674e+24
8.962e+24
1.008e+25
1.104e+25
1.176e+25
1.23e+25
1.262e+25
1.274e+25
1.27e+25
1.25e+25
1.224e+25
1.192e+25
1.16e+25
1.124e+25
1.088e+25
1.0528e+25
1.0212e+25
9.966e+24
9.794e+24
9.708e+24
9.684e+24
9.708e+24
9.794e+24
9.966e+24
1.0212e+25
1.0528e+25
1.088e+25
1.124e+25
1.16e+25
1.192e+25
1.224e+25
1.25e+25
1.27e+25
1.274e+25
1.262e+25
1.23e+25
1.176e+25
1.104e+25
1.008e+25
8.962e+24
7.674e+24
6.33e+24
4.948e+24
3.69e+24
2.5926e+24
1.541e+24
8.23e+23
