6.46e+24
1.172e+25
1.8552e+25
2.512e+25
3.186e+25
3.802e+25
4.3e+25
4.64e+25
4.812e+25
4.83e+25
4.704e+25
4.484e+25
4.194e+25
3.868e+25
3.526e+25
3.188e+25
2.874e+25
2.596e+25
2.356e+25
2.154e+25
1.986e+25
1.85e+25
1.744e+25
1.666e+25
1.614e+25
1.586e+25
1.576e+25
1.586e+25
1.614e+25
1.666e+25
1.744e+25
1.85e+25
1.986e+25
2.154e+25
2.356e+25
2.596e+25
2.874e+25
3.188e+25
3.526e+25
3.868e+25
4.194e+25
4.484e+25
4.704e+25
4.83e+25
4.812e+25
4.64e+25
4.3e+25
3.802e+25
3.186e+25
2.512e+25
1.8552e+25
1.172e+25
6.46e+24
