3.01e+25
5.1433e+25
7.452e+25
9.57e+25
1.14e+26
1.2746e+26
1.334e+26
1.33e+26
1.264e+26
1.1638e+26
1.0246e+26
8.916e+25
7.556e+25
6.298e+25
5.206e+25
4.242e+25
3.484e+25
2.852e+25
2.378e+25
2.004e+25
1.72e+25
1.508e+25
1.348e+25
1.24e+25
1.168e+25
1.128e+25
1.116e+25
1.128e+25
1.168e+25
1.24e+25
1.348e+25
1.508e+25
1.72e+25
2.004e+25
2.378e+25
2.852e+25
3.484e+25
4.242e+25
5.206e+25
6.298e+25
7.556e+25
8.916e+25
1.0246e+26
1.1638e+26
1.264e+26
1.33e+26
1.334e+26
1.2746e+26
1.14e+26
9.57e+25
7.452e+25
5.1433e+25
3.01e+25
