5.48e-30
1.0837e-29
1.9762e-29
2.9686e-29
4.238e-29
5.812e-29
7.618e-29
9.646e-29
1.1864e-28
1.4258e-28
1.678e-28
1.942e-28
2.22e-28
2.496e-28
2.77e-28
3.036e-28
3.298e-28
3.548e-28
3.788e-28
4.006e-28
4.192e-28
4.346e-28
4.472e-28
4.568e-28
4.646e-28
4.694e-28
4.716e-28
4.694e-28
4.646e-28
4.568e-28
4.472e-28
4.346e-28
4.192e-28
4.006e-28
3.788e-28
3.548e-28
3.298e-28
3.036e-28
2.77e-28
2.496e-28
2.22e-28
1.942e-28
1.678e-28
1.4258e-28
1.1864e-28
9.646e-29
7.618e-29
5.812e-29
4.238e-29
2.9686e-29
1.9762e-29
1.0837e-29
5.48e-30
