6.78e+21
1.3193e+22
2.3616e+22
3.498e+22
4.896e+22
6.522e+22
8.364e+22
1.0372e+23
1.252e+23
1.478e+23
1.712e+23
1.946e+23
2.18e+23
2.408e+23
2.632e+23
2.848e+23
3.058e+23
3.254e+23
3.436e+23
3.602e+23
3.756e+23
3.898e+23
4.03e+23
4.152e+23
4.26e+23
4.352e+23
4.432e+23
4.504e+23
4.57e+23
4.63e+23
4.682e+23
4.722e+23
4.75e+23
4.77e+23
4.788e+23
4.804e+23
4.816e+23
4.82e+23
4.816e+23
4.804e+23
4.788e+23
4.77e+23
4.75e+23
4.722e+23
4.682e+23
4.63e+23
4.57e+23
4.504e+23
4.432e+23
4.352e+23
4.26e+23
4.152e+23
4.03e+23
3.898e+23
3.756e+23
3.602e+23
3.436e+23
3.254e+23
3.058e+23
2.848e+23
2.632e+23
2.408e+23
2.18e+23
1.946e+23
1.712e+23
1.478e+23
1.252e+23
1.0372e+23
8.364e+22
6.522e+22
4.896e+22
3.498e+22
2.3616e+22
1.3193e+22
6.78e+21
