1.72e+25
3.0167e+25
4.538e+25
5.952e+25
7.272e+25
8.322e+25
8.972e+25
9.204e+25
9.024e+25
8.544e+25
7.804e+25
6.984e+25
6.106e+25
5.256e+25
4.472e+25
3.766e+25
3.166e+25
2.66e+25
2.25e+25
1.912e+25
1.636e+25
1.41e+25
1.2278e+25
1.0788e+25
9.578e+24
8.596e+24
7.78e+24
7.094e+24
6.518e+24
6.036e+24
5.632e+24
5.298e+24
5.024e+24
4.806e+24
4.64e+24
4.526e+24
4.458e+24
4.436e+24
4.458e+24
4.526e+24
4.64e+24
4.806e+24
5.024e+24
5.298e+24
5.632e+24
6.036e+24
6.518e+24
7.094e+24
7.78e+24
8.596e+24
9.578e+24
1.0788e+25
1.2278e+25
1.41e+25
1.636e+25
1.912e+25
2.25e+25
2.66e+25
3.166e+25
3.766e+25
4.472e+25
5.256e+25
6.106e+25
6.984e+25
7.804e+25
8.544e+25
9.024e+25
9.204e+25
8.972e+25
8.322e+25
7.272e+25
5.952e+25
4.538e+25
3.0167e+25
1.72e+25
