7.72e+23
1.4407e+24
2.4424e+24
3.47e+24
4.64e+24
5.88e+24
7.086e+24
8.208e+24
9.186e+24
9.972e+24
1.0546e+25
1.09e+25
1.106e+25
1.102e+25
1.084e+25
1.0518e+25
1.0132e+25
9.658e+24
9.16e+24
8.638e+24
8.122e+24
7.624e+24
7.156e+24
6.718e+24
6.322e+24
5.968e+24
5.648e+24
5.364e+24
5.122e+24
4.914e+24
4.732e+24
4.58e+24
4.456e+24
4.354e+24
4.274e+24
4.22e+24
4.19e+24
4.18e+24
4.19e+24
4.22e+24
4.274e+24
4.354e+24
4.456e+24
4.58e+24
4.732e+24
4.914e+24
5.122e+24
5.364e+24
5.648e+24
5.968e+24
6.322e+24
6.718e+24
7.156e+24
7.624e+24
8.122e+24
8.638e+24
9.16e+24
9.658e+24
1.0132e+25
1.0518e+25
1.084e+25
1.102e+25
1.106e+25
1.09e+25
1.0546e+25
9.972e+24
9.186e+24
8.208e+24
7.086e+24
5.88e+24
4.64e+24
3.47e+24
2.4424e+24
1.4407e+24
7.72e+23
