5.04e+24
9.2133e+24
1.4648e+25
1.994e+25
2.542e+25
3.052e+25
3.47e+25
3.77e+25
3.932e+25
3.966e+25
3.878e+25
3.708e+25
3.47e+25
3.192e+25
2.896e+25
2.594e+25
2.308e+25
2.044e+25
1.812e+25
1.606e+25
1.428e+25
1.274e+25
1.141e+25
1.0268e+25
9.312e+24
8.502e+24
7.814e+24
7.236e+24
6.744e+24
6.33e+24
5.982e+24
5.694e+24
5.458e+24
5.268e+24
5.124e+24
5.024e+24
4.966e+24
4.946e+24
4.966e+24
5.024e+24
5.124e+24
5.268e+24
5.458e+24
5.694e+24
5.982e+24
6.33e+24
6.744e+24
7.236e+24
7.814e+24
8.502e+24
9.312e+24
1.0268e+25
1.141e+25
1.274e+25
1.428e+25
1.606e+25
1.812e+25
2.044e+25
2.308e+25
2.594e+25
2.896e+25
3.192e+25
3.47e+25
3.708e+25
3.878e+25
3.966e+25
3.932e+25
3.77e+25
3.47e+25
3.052e+25
2.542e+25
1.994e+25
1.4648e+25
9.2133e+24
5.04e+24
