2.3434e+09
4.5777e+09
8.2114e+09
1.2183e+10
1.7085e+10
2.2848e+10
2.9351e+10
3.6513e+10
4.423e+10
5.2468e+10
6.1083e+10
6.9869e+10
7.8725e+10
8.7568e+10
9.6389e+10
1.0497e+11
1.1346e+11
1.216e+11
1.292e+11
1.362e+11
1.428e+11
1.49e+11
1.548e+11
1.604e+11
1.654e+11
1.7e+11
1.74e+11
1.776e+11
1.808e+11
1.84e+11
1.866e+11
1.888e+11
1.906e+11
1.92e+11
1.93e+11
1.938e+11
1.944e+11
1.946e+11
1.944e+11
1.938e+11
1.93e+11
1.92e+11
1.906e+11
1.888e+11
1.866e+11
1.84e+11
1.808e+11
1.776e+11
1.74e+11
1.7e+11
1.654e+11
1.604e+11
1.548e+11
1.49e+11
1.428e+11
1.362e+11
1.292e+11
1.216e+11
1.1346e+11
1.0497e+11
9.6389e+10
8.7568e+10
7.8725e+10
6.9869e+10
6.1083e+10
5.2468e+10
4.423e+10
3.6513e+10
2.9351e+10
2.2848e+10
1.7085e+10
1.2183e+10
8.2114e+09
4.5777e+09
2.3434e+09
