2.41e+25
4.18e+25
6.186e+25
8.024e+25
9.672e+25
1.0898e+26
1.156e+26
1.164e+26
1.1184e+26
1.0376e+26
9.272e+25
8.118e+25
6.946e+25
5.856e+25
4.884e+25
4.036e+25
3.332e+25
2.756e+25
2.3e+25
1.93e+25
1.638e+25
1.402e+25
1.2132e+25
1.0594e+25
9.376e+24
8.366e+24
7.544e+24
6.858e+24
6.284e+24
5.804e+24
5.4e+24
5.066e+24
4.79e+24
4.57e+24
4.404e+24
4.29e+24
4.222e+24
4.2e+24
4.222e+24
4.29e+24
4.404e+24
4.57e+24
4.79e+24
5.066e+24
5.4e+24
5.804e+24
6.284e+24
6.858e+24
7.544e+24
8.366e+24
9.376e+24
1.0594e+25
1.2132e+25
1.402e+25
1.638e+25
1.93e+25
2.3e+25
2.756e+25
3.332e+25
4.036e+25
4.884e+25
5.856e+25
6.946e+25
8.118e+25
9.272e+25
1.0376e+26
1.1184e+26
1.164e+26
1.156e+26
1.0898e+26
9.672e+25
8.024e+25
6.186e+25
4.18e+25
2.41e+25
