1.45e+24
2.7267e+24
4.53e+24
6.36e+24
8.382e+24
1.0454e+25
1.2388e+25
1.408e+25
1.542e+25
1.636e+25
1.688e+25
1.704e+25
1.688e+25
1.64e+25
1.574e+25
1.488e+25
1.396e+25
1.298e+25
1.204e+25
1.1102e+25
1.0232e+25
9.41e+24
8.656e+24
7.982e+24
7.398e+24
6.892e+24
6.45e+24
6.064e+24
5.734e+24
5.456e+24
5.22e+24
5.024e+24
4.864e+24
4.734e+24
4.632e+24
4.56e+24
4.518e+24
4.504e+24
4.518e+24
4.56e+24
4.632e+24
4.734e+24
4.864e+24
5.024e+24
5.22e+24
5.456e+24
5.734e+24
6.064e+24
6.45e+24
6.892e+24
7.398e+24
7.982e+24
8.656e+24
9.41e+24
1.0232e+25
1.1102e+25
1.204e+25
1.298e+25
1.396e+25
1.488e+25
1.574e+25
1.64e+25
1.688e+25
1.704e+25
1.688e+25
1.636e+25
1.542e+25
1.408e+25
1.2388e+25
1.0454e+25
8.382e+24
6.36e+24
4.53e+24
2.7267e+24
1.45e+24
