3.83e+12
7.4967e+12
1.3418e+13
1.9912e+13
2.792e+13
3.734e+13
4.798e+13
5.968e+13
7.228e+13
8.57e+13
9.972e+13
1.1406e+14
1.2846e+14
1.428e+14
1.572e+14
1.712e+14
1.85e+14
1.982e+14
2.106e+14
2.22e+14
2.328e+14
2.43e+14
2.528e+14
2.62e+14
2.704e+14
2.778e+14
2.844e+14
2.904e+14
2.958e+14
3.008e+14
3.052e+14
3.086e+14
3.112e+14
3.132e+14
3.148e+14
3.162e+14
3.172e+14
3.174e+14
3.172e+14
3.162e+14
3.148e+14
3.132e+14
3.112e+14
3.086e+14
3.052e+14
3.008e+14
2.958e+14
2.904e+14
2.844e+14
2.778e+14
2.704e+14
2.62e+14
2.528e+14
2.43e+14
2.328e+14
2.22e+14
2.106e+14
1.982e+14
1.85e+14
1.712e+14
1.572e+14
1.428e+14
1.2846e+14
1.1406e+14
9.972e+13
8.57e+13
7.228e+13
5.968e+13
4.798e+13
3.734e+13
2.792e+13
1.9912e+13
1.3418e+13
7.4967e+12
3.83e+12
