1.41e+25
2.4967e+25
3.794e+25
5.01e+25
6.166e+25
7.116e+25
7.744e+25
8.024e+25
7.952e+25
7.614e+25
7.038e+25
6.372e+25
5.638e+25
4.91e+25
4.224e+25
3.596e+25
3.052e+25
2.588e+25
2.206e+25
1.888e+25
1.626e+25
1.41e+25
1.2316e+25
1.0868e+25
9.682e+24
8.704e+24
7.892e+24
7.212e+24
6.638e+24
6.158e+24
5.756e+24
5.424e+24
5.15e+24
4.932e+24
4.766e+24
4.65e+24
4.582e+24
4.56e+24
4.582e+24
4.65e+24
4.766e+24
4.932e+24
5.15e+24
5.424e+24
5.756e+24
6.158e+24
6.638e+24
7.212e+24
7.892e+24
8.704e+24
9.682e+24
1.0868e+25
1.2316e+25
1.41e+25
1.626e+25
1.888e+25
2.206e+25
2.588e+25
3.052e+25
3.596e+25
4.224e+25
4.91e+25
5.638e+25
6.372e+25
7.038e+25
7.614e+25
7.952e+25
8.024e+25
7.744e+25
7.116e+25
6.166e+25
5.01e+25
3.794e+25
2.4967e+25
1.41e+25
