2.38e+24
4.4367e+24
7.258e+24
1.0062e+25
1.3086e+25
1.6116e+25
1.882e+25
2.104e+25
2.264e+25
2.36e+25
2.386e+25
2.362e+25
2.288e+25
2.178e+25
2.044e+25
1.892e+25
1.736e+25
1.584e+25
1.442e+25
1.308e+25
1.187e+25
1.0772e+25
9.794e+24
8.936e+24
8.212e+24
7.586e+24
7.048e+24
6.584e+24
6.188e+24
5.854e+24
5.574e+24
5.342e+24
5.152e+24
4.998e+24
4.88e+24
4.798e+24
4.75e+24
4.734e+24
4.75e+24
4.798e+24
4.88e+24
4.998e+24
5.152e+24
5.342e+24
5.574e+24
5.854e+24
6.188e+24
6.584e+24
7.048e+24
7.586e+24
8.212e+24
8.936e+24
9.794e+24
1.0772e+25
1.187e+25
1.308e+25
1.442e+25
1.584e+25
1.736e+25
1.892e+25
2.044e+25
2.178e+25
2.288e+25
2.362e+25
2.386e+25
2.36e+25
2.264e+25
2.104e+25
1.882e+25
1.6116e+25
1.3086e+25
1.0062e+25
7.258e+24
4.4367e+24
2.38e+24
