2.8e+25
4.8233e+25
7.088e+25
9.128e+25
1.0936e+26
1.2234e+26
1.288e+26
1.286e+26
1.2258e+26
1.1268e+26
9.972e+25
8.644e+25
7.32e+25
6.114e+25
5.052e+25
4.14e+25
3.392e+25
2.788e+25
2.312e+25
1.932e+25
1.632e+25
1.392e+25
1.201e+25
1.047e+25
9.252e+24
8.262e+24
7.438e+24
6.752e+24
6.178e+24
5.698e+24
5.294e+24
4.96e+24
4.686e+24
4.468e+24
4.302e+24
4.188e+24
4.122e+24
4.1e+24
4.122e+24
4.188e+24
4.302e+24
4.468e+24
4.686e+24
4.96e+24
5.294e+24
5.698e+24
6.178e+24
6.752e+24
7.438e+24
8.262e+24
9.252e+24
1.047e+25
1.201e+25
1.392e+25
1.632e+25
1.932e+25
2.312e+25
2.788e+25
3.392e+25
4.14e+25
5.052e+25
6.114e+25
7.32e+25
8.644e+25
9.972e+25
1.1268e+26
1.2258e+26
1.286e+26
1.288e+26
1.2234e+26
1.0936e+26
9.128e+25
7.088e+25
4.8233e+25
2.8e+25
