8.46e+22
1.6153e+23
2.8432e+23
4.164e+23
5.744e+23
7.54e+23
9.474e+23
1.1486e+24
1.3496e+24
1.55e+24
1.742e+24
1.918e+24
2.076e+24
2.214e+24
2.332e+24
2.43e+24
2.512e+24
2.574e+24
2.618e+24
2.644e+24
2.656e+24
2.66e+24
2.656e+24
2.646e+24
2.63e+24
2.608e+24
2.582e+24
2.556e+24
2.532e+24
2.51e+24
2.49e+24
2.47e+24
2.452e+24
2.436e+24
2.426e+24
2.42e+24
2.418e+24
2.416e+24
2.418e+24
2.42e+24
2.426e+24
2.436e+24
2.452e+24
2.47e+24
2.49e+24
2.51e+24
2.532e+24
2.556e+24
2.582e+24
2.608e+24
2.63e+24
2.646e+24
2.656e+24
2.66e+24
2.656e+24
2.644e+24
2.618e+24
2.574e+24
2.512e+24
2.43e+24
2.332e+24
2.214e+24
2.076e+24
1.918e+24
1.742e+24
1.55e+24
1.3496e+24
1.1486e+24
9.474e+23
7.54e+23
5.744e+23
4.164e+23
2.8432e+23
1.6153e+23
8.46e+22
