1.14e+25
2.0267e+25
3.11e+25
4.134e+25
5.128e+25
5.974e+25
6.566e+25
6.878e+25
6.896e+25
6.682e+25
6.256e+25
5.734e+25
5.138e+25
4.53e+25
3.944e+25
3.394e+25
2.912e+25
2.494e+25
2.146e+25
1.85e+25
1.606e+25
1.4e+25
1.2288e+25
1.0874e+25
9.726e+24
8.768e+24
7.978e+24
7.308e+24
6.744e+24
6.27e+24
5.872e+24
5.544e+24
5.274e+24
5.058e+24
4.894e+24
4.782e+24
4.714e+24
4.692e+24
4.714e+24
4.782e+24
4.894e+24
5.058e+24
5.274e+24
5.544e+24
5.872e+24
6.27e+24
6.744e+24
7.308e+24
7.978e+24
8.768e+24
9.726e+24
1.0874e+25
1.2288e+25
1.4e+25
1.606e+25
1.85e+25
2.146e+25
2.494e+25
2.912e+25
3.394e+25
3.944e+25
4.53e+25
5.138e+25
5.734e+25
6.256e+25
6.682e+25
6.896e+25
6.878e+25
6.566e+25
5.974e+25
5.128e+25
4.134e+25
3.11e+25
2.0267e+25
1.14e+25
