1.4339e+06
2.8009e+06
5.0243e+06
7.4544e+06
1.0454e+07
1.398e+07
1.7959e+07
2.2341e+07
2.7063e+07
3.2103e+07
3.7375e+07
4.275e+07
4.817e+07
5.3552e+07
5.89e+07
6.4137e+07
6.9293e+07
7.4225e+07
7.8884e+07
8.3205e+07
8.7267e+07
9.1096e+07
9.4726e+07
9.8128e+07
1.0124e+08
1.0401e+08
1.0648e+08
1.0871e+08
1.1077e+08
1.1262e+08
1.1424e+08
1.1551e+08
1.1649e+08
1.1724e+08
1.1787e+08
1.184e+08
1.1878e+08
1.1891e+08
1.1878e+08
1.184e+08
1.1787e+08
1.1724e+08
1.1649e+08
1.1551e+08
1.1424e+08
1.1262e+08
1.1077e+08
1.0871e+08
1.0648e+08
1.0401e+08
1.0124e+08
9.8128e+07
9.4726e+07
9.1096e+07
8.7267e+07
8.3205e+07
7.8884e+07
7.4225e+07
6.9293e+07
6.4137e+07
5.89e+07
5.3552e+07
4.817e+07
4.275e+07
3.7375e+07
3.2103e+07
2.7063e+07
2.2341e+07
1.7959e+07
1.398e+07
1.0454e+07
7.4544e+06
5.0243e+06
2.8009e+06
1.4339e+06
