2.05e+25
3.5767e+25
5.336e+25
6.966e+25
8.446e+25
9.59e+25
1.0254e+26
1.042e+26
1.0104e+26
9.472e+25
8.554e+25
7.568e+25
6.544e+25
5.574e+25
4.694e+25
3.914e+25
3.26e+25
2.716e+25
2.28e+25
1.924e+25
1.64e+25
1.408e+25
1.2216e+25
1.0702e+25
9.488e+24
8.482e+24
7.662e+24
6.974e+24
6.398e+24
5.916e+24
5.512e+24
5.178e+24
4.902e+24
4.682e+24
4.516e+24
4.4e+24
4.332e+24
4.31e+24
4.332e+24
4.4e+24
4.516e+24
4.682e+24
4.902e+24
5.178e+24
5.512e+24
5.916e+24
6.398e+24
6.974e+24
7.662e+24
8.482e+24
9.488e+24
1.0702e+25
1.2216e+25
1.408e+25
1.64e+25
1.924e+25
2.28e+25
2.716e+25
3.26e+25
3.914e+25
4.694e+25
5.574e+25
6.544e+25
7.568e+25
8.554e+25
9.472e+25
1.0104e+26
1.042e+26
1.0254e+26
9.59e+25
8.446e+25
6.966e+25
5.336e+25
3.5767e+25
2.05e+25
