6.26e+15
1.222e+16
2.1932e+16
3.254e+16
4.564e+16
6.104e+16
7.85e+16
9.764e+16
1.1818e+17
1.4024e+17
1.632e+17
1.866e+17
2.102e+17
2.338e+17
2.57e+17
2.8e+17
3.024e+17
3.24e+17
3.444e+17
3.634e+17
3.81e+17
3.978e+17
4.136e+17
4.284e+17
4.42e+17
4.54e+17
4.648e+17
4.746e+17
4.836e+17
4.916e+17
4.988e+17
5.044e+17
5.086e+17
5.118e+17
5.146e+17
5.168e+17
5.184e+17
5.19e+17
5.184e+17
5.168e+17
5.146e+17
5.118e+17
5.086e+17
5.044e+17
4.988e+17
4.916e+17
4.836e+17
4.746e+17
4.648e+17
4.54e+17
4.42e+17
4.284e+17
4.136e+17
3.978e+17
3.81e+17
3.634e+17
3.444e+17
3.24e+17
3.024e+17
2.8e+17
2.57e+17
2.338e+17
2.102e+17
1.866e+17
1.632e+17
1.4024e+17
1.1818e+17
9.764e+16
7.85e+16
6.104e+16
4.564e+16
3.254e+16
2.1932e+16
1.222e+16
6.26e+15
