3.56e+24
6.5767e+24
1.0606e+25
1.4574e+25
1.876e+25
2.28e+25
2.626e+25
2.892e+25
3.062e+25
3.138e+25
3.118e+25
3.03e+25
2.884e+25
2.696e+25
2.484e+25
2.26e+25
2.04e+25
1.832e+25
1.644e+25
1.474e+25
1.322e+25
1.1886e+25
1.0708e+25
9.694e+24
8.838e+24
8.118e+24
7.502e+24
6.978e+24
6.528e+24
6.15e+24
5.834e+24
5.572e+24
5.356e+24
5.184e+24
5.054e+24
4.962e+24
4.91e+24
4.892e+24
4.91e+24
4.962e+24
5.054e+24
5.184e+24
5.356e+24
5.572e+24
5.834e+24
6.15e+24
6.528e+24
6.978e+24
7.502e+24
8.118e+24
8.838e+24
9.694e+24
1.0708e+25
1.1886e+25
1.322e+25
1.474e+25
1.644e+25
1.832e+25
2.04e+25
2.26e+25
2.484e+25
2.696e+25
2.884e+25
3.03e+25
3.118e+25
3.138e+25
3.062e+25
2.892e+25
2.626e+25
2.28e+25
1.876e+25
1.4574e+25
1.0606e+25
6.5767e+24
3.56e+24
