6.82e+24
1.2373e+25
1.9444e+25
2.624e+25
3.312e+25
3.934e+25
4.418e+25
4.736e+25
4.872e+25
4.846e+25
4.666e+25
4.396e+25
4.052e+25
3.67e+25
3.28e+25
2.896e+25
2.542e+25
2.224e+25
1.95e+25
1.712e+25
1.508e+25
1.334e+25
1.1864e+25
1.0622e+25
9.576e+24
8.708e+24
7.976e+24
7.354e+24
6.828e+24
6.386e+24
6.016e+24
5.708e+24
5.456e+24
5.254e+24
5.1e+24
4.992e+24
4.93e+24
4.91e+24
4.93e+24
4.992e+24
5.1e+24
5.254e+24
5.456e+24
5.708e+24
6.016e+24
6.386e+24
6.828e+24
7.354e+24
7.976e+24
8.708e+24
9.576e+24
1.0622e+25
1.1864e+25
1.334e+25
1.508e+25
1.712e+25
1.95e+25
2.224e+25
2.542e+25
2.896e+25
3.28e+25
3.67e+25
4.052e+25
4.396e+25
4.666e+25
4.846e+25
4.872e+25
4.736e+25
4.418e+25
3.934e+25
3.312e+25
2.624e+25
1.9444e+25
1.2373e+25
6.82e+24
