1.02e+19
1.9933e+19
3.578e+19
5.308e+19
7.442e+19
9.956e+19
1.2788e+20
1.5914e+20
1.928e+20
2.288e+20
2.664e+20
3.046e+20
3.432e+20
3.816e+20
4.196e+20
4.568e+20
4.936e+20
5.286e+20
5.616e+20
5.924e+20
6.214e+20
6.486e+20
6.744e+20
6.986e+20
7.208e+20
7.404e+20
7.58e+20
7.74e+20
7.888e+20
8.02e+20
8.134e+20
8.226e+20
8.296e+20
8.348e+20
8.392e+20
8.43e+20
8.456e+20
8.464e+20
8.456e+20
8.43e+20
8.392e+20
8.348e+20
8.296e+20
8.226e+20
8.134e+20
8.02e+20
7.888e+20
7.74e+20
7.58e+20
7.404e+20
7.208e+20
6.986e+20
6.744e+20
6.486e+20
6.214e+20
5.924e+20
5.616e+20
5.286e+20
4.936e+20
4.568e+20
4.196e+20
3.816e+20
3.432e+20
3.046e+20
2.664e+20
2.288e+20
1.928e+20
1.5914e+20
1.2788e+20
9.956e+19
7.442e+19
5.308e+19
3.578e+19
1.9933e+19
1.02e+19
