8.93e+24
1.6043e+25
2.4906e+25
3.338e+25
4.176e+25
4.91e+25
5.454e+25
5.778e+25
5.864e+25
5.754e+25
5.462e+25
5.074e+25
4.608e+25
4.116e+25
3.628e+25
3.162e+25
2.742e+25
2.374e+25
2.06e+25
1.792e+25
1.566e+25
1.376e+25
1.2146e+25
1.0818e+25
9.72e+24
8.794e+24
8.02e+24
7.37e+24
6.82e+24
6.358e+24
5.97e+24
5.648e+24
5.384e+24
5.172e+24
5.012e+24
4.902e+24
4.838e+24
4.816e+24
4.838e+24
4.902e+24
5.012e+24
5.172e+24
5.384e+24
5.648e+24
5.97e+24
6.358e+24
6.82e+24
7.37e+24
8.02e+24
8.794e+24
9.72e+24
1.0818e+25
1.2146e+25
1.376e+25
1.566e+25
1.792e+25
2.06e+25
2.374e+25
2.742e+25
3.162e+25
3.628e+25
4.116e+25
4.608e+25
5.074e+25
5.462e+25
5.754e+25
5.864e+25
5.778e+25
5.454e+25
4.91e+25
4.176e+25
3.338e+25
2.4906e+25
1.6043e+25
8.93e+24
