3.2e+23
5.9967e+23
1.0358e+24
1.4958e+24
2.032e+24
2.62e+24
3.222e+24
3.812e+24
4.362e+24
4.86e+24
5.284e+24
5.622e+24
5.87e+24
6.03e+24
6.116e+24
6.128e+24
6.092e+24
6e+24
5.87e+24
5.706e+24
5.526e+24
5.336e+24
5.148e+24
4.96e+24
4.776e+24
4.598e+24
4.432e+24
4.278e+24
4.146e+24
4.03e+24
3.926e+24
3.836e+24
3.762e+24
3.7e+24
3.654e+24
3.626e+24
3.61e+24
3.604e+24
3.61e+24
3.626e+24
3.654e+24
3.7e+24
3.762e+24
3.836e+24
3.926e+24
4.03e+24
4.146e+24
4.278e+24
4.432e+24
4.598e+24
4.776e+24
4.96e+24
5.148e+24
5.336e+24
5.526e+24
5.706e+24
5.87e+24
6e+24
6.092e+24
6.128e+24
6.116e+24
6.03e+24
5.87e+24
5.622e+24
5.284e+24
4.86e+24
4.362e+24
3.812e+24
3.222e+24
2.62e+24
2.032e+24
1.4958e+24
1.0358e+24
5.9967e+23
3.2e+23
