3.88e+23
7.4333e+23
1.272e+24
1.8264e+24
2.476e+24
3.2e+24
3.946e+24
4.686e+24
5.386e+24
6.032e+24
6.598e+24
7.086e+24
7.49e+24
7.8e+24
8.028e+24
8.17e+24
8.26e+24
8.3e+24
8.31e+24
8.284e+24
8.234e+24
8.168e+24
8.104e+24
8.054e+24
8.022e+24
8.01e+24
8.01e+24
8.01e+24
8.022e+24
8.054e+24
8.104e+24
8.168e+24
8.234e+24
8.284e+24
8.31e+24
8.3e+24
8.26e+24
8.17e+24
8.028e+24
7.8e+24
7.49e+24
7.086e+24
6.598e+24
6.032e+24
5.386e+24
4.686e+24
3.946e+24
3.2e+24
2.476e+24
1.8264e+24
1.272e+24
7.4333e+23
3.88e+23
