6.58e+15
1.2993e+16
2.3156e+16
3.418e+16
4.786e+16
6.416e+16
8.248e+16
1.024e+17
1.2366e+17
1.46e+17
1.688e+17
1.92e+17
2.154e+17
2.382e+17
2.6e+17
2.806e+17
3.002e+17
3.184e+17
3.352e+17
3.5e+17
3.626e+17
3.728e+17
3.81e+17
3.874e+17
3.924e+17
3.956e+17
3.968e+17
3.956e+17
3.924e+17
3.874e+17
3.81e+17
3.728e+17
3.626e+17
3.5e+17
3.352e+17
3.184e+17
3.002e+17
2.806e+17
2.6e+17
2.382e+17
2.154e+17
1.92e+17
1.688e+17
1.46e+17
1.2366e+17
1.024e+17
8.248e+16
6.416e+16
4.786e+16
3.418e+16
2.3156e+16
1.2993e+16
6.58e+15
