2.48e+25
4.2733e+25
6.312e+25
8.176e+25
9.848e+25
1.1108e+26
1.178e+26
1.186e+26
1.1404e+26
1.0598e+26
9.48e+25
8.326e+25
7.158e+25
6.07e+25
5.1e+25
4.254e+25
3.564e+25
3.004e+25
2.57e+25
2.23e+25
1.97e+25
1.77e+25
1.624e+25
1.522e+25
1.454e+25
1.418e+25
1.408e+25
1.418e+25
1.454e+25
1.522e+25
1.624e+25
1.77e+25
1.97e+25
2.23e+25
2.57e+25
3.004e+25
3.564e+25
4.254e+25
5.1e+25
6.07e+25
7.158e+25
8.326e+25
9.48e+25
1.0598e+26
1.1404e+26
1.186e+26
1.178e+26
1.1108e+26
9.848e+25
8.176e+25
6.312e+25
4.2733e+25
2.48e+25
