6.99e+24
1.263e+25
1.9938e+25
2.696e+25
3.41e+25
4.058e+25
4.568e+25
4.91e+25
5.066e+25
5.058e+25
4.896e+25
4.642e+25
4.312e+25
3.946e+25
3.572e+25
3.202e+25
2.864e+25
2.564e+25
2.31e+25
2.094e+25
1.918e+25
1.774e+25
1.662e+25
1.58e+25
1.526e+25
1.496e+25
1.486e+25
1.496e+25
1.526e+25
1.58e+25
1.662e+25
1.774e+25
1.918e+25
2.094e+25
2.31e+25
2.564e+25
2.864e+25
3.202e+25
3.572e+25
3.946e+25
4.312e+25
4.642e+25
4.896e+25
5.058e+25
5.066e+25
4.91e+25
4.568e+25
4.058e+25
3.41e+25
2.696e+25
1.9938e+25
1.263e+25
6.99e+24
