2.4645e+09
4.873e+09
8.6764e+09
1.2803e+10
1.7921e+10
2.4009e+10
3.0857e+10
3.8328e+10
4.6279e+10
5.4615e+10
6.3182e+10
7.1887e+10
8.064e+10
8.907e+10
9.7322e+10
1.0513e+11
1.1242e+11
1.192e+11
1.256e+11
1.31e+11
1.356e+11
1.394e+11
1.426e+11
1.45e+11
1.47e+11
1.482e+11
1.488e+11
1.482e+11
1.47e+11
1.45e+11
1.426e+11
1.394e+11
1.356e+11
1.31e+11
1.256e+11
1.192e+11
1.1242e+11
1.0513e+11
9.7322e+10
8.907e+10
8.064e+10
7.1887e+10
6.3182e+10
5.4615e+10
4.6279e+10
3.8328e+10
3.0857e+10
2.4009e+10
1.7921e+10
1.2803e+10
8.6764e+09
4.873e+09
2.4645e+09
