3.86e+24
6.9233e+24
1.1134e+25
1.5322e+25
1.974e+25
2.402e+25
2.772e+25
3.06e+25
3.248e+25
3.344e+25
3.344e+25
3.272e+25
3.138e+25
2.962e+25
2.764e+25
2.556e+25
2.356e+25
2.166e+25
1.996e+25
1.846e+25
1.718e+25
1.612e+25
1.53e+25
1.47e+25
1.428e+25
1.404e+25
1.396e+25
1.404e+25
1.428e+25
1.47e+25
1.53e+25
1.612e+25
1.718e+25
1.846e+25
1.996e+25
2.166e+25
2.356e+25
2.556e+25
2.764e+25
2.962e+25
3.138e+25
3.272e+25
3.344e+25
3.344e+25
3.248e+25
3.06e+25
2.772e+25
2.402e+25
1.974e+25
1.5322e+25
1.1134e+25
6.9233e+24
3.86e+24
