1.76e+25
3.08e+25
4.622e+25
6.062e+25
7.398e+25
8.488e+25
9.152e+25
9.4e+25
9.226e+25
8.764e+25
8.014e+25
7.204e+25
6.33e+25
5.484e+25
4.704e+25
3.996e+25
3.404e+25
2.908e+25
2.516e+25
2.198e+25
1.95e+25
1.76e+25
1.616e+25
1.514e+25
1.448e+25
1.412e+25
1.4e+25
1.412e+25
1.448e+25
1.514e+25
1.616e+25
1.76e+25
1.95e+25
2.198e+25
2.516e+25
2.908e+25
3.404e+25
3.996e+25
4.704e+25
5.484e+25
6.33e+25
7.204e+25
8.014e+25
8.764e+25
9.226e+25
9.4e+25
9.152e+25
8.488e+25
7.398e+25
6.062e+25
4.622e+25
3.08e+25
1.76e+25
