2.67e+24
4.86e+24
7.896e+24
1.0942e+25
1.4244e+25
1.758e+25
2.056e+25
2.304e+25
2.486e+25
2.602e+25
2.646e+25
2.634e+25
2.568e+25
2.462e+25
2.328e+25
2.174e+25
2.02e+25
1.868e+25
1.728e+25
1.598e+25
1.484e+25
1.386e+25
1.308e+25
1.248e+25
1.208e+25
1.184e+25
1.176e+25
1.184e+25
1.208e+25
1.248e+25
1.308e+25
1.386e+25
1.484e+25
1.598e+25
1.728e+25
1.868e+25
2.02e+25
2.174e+25
2.328e+25
2.462e+25
2.568e+25
2.634e+25
2.646e+25
2.602e+25
2.486e+25
2.304e+25
2.056e+25
1.758e+25
1.4244e+25
1.0942e+25
7.896e+24
4.86e+24
2.67e+24
