2.51e+25
4.3233e+25
6.37e+25
8.248e+25
9.916e+25
1.1176e+26
1.184e+26
1.192e+26
1.1452e+26
1.0652e+26
9.522e+25
8.364e+25
7.176e+25
6.07e+25
5.084e+25
4.218e+25
3.514e+25
2.936e+25
2.492e+25
2.142e+25
1.872e+25
1.668e+25
1.516e+25
1.41e+25
1.34e+25
1.302e+25
1.29e+25
1.302e+25
1.34e+25
1.41e+25
1.516e+25
1.668e+25
1.872e+25
2.142e+25
2.492e+25
2.936e+25
3.514e+25
4.218e+25
5.084e+25
6.07e+25
7.176e+25
8.364e+25
9.522e+25
1.0652e+26
1.1452e+26
1.192e+26
1.184e+26
1.1176e+26
9.916e+25
8.248e+25
6.37e+25
4.3233e+25
2.51e+25
