1.15e+25
2.04e+25
3.134e+25
4.168e+25
5.174e+25
6.04e+25
6.65e+25
6.982e+25
7.022e+25
6.832e+25
6.428e+25
5.93e+25
5.356e+25
4.768e+25
4.2e+25
3.664e+25
3.198e+25
2.796e+25
2.468e+25
2.198e+25
1.982e+25
1.812e+25
1.684e+25
1.592e+25
1.532e+25
1.5e+25
1.49e+25
1.5e+25
1.532e+25
1.592e+25
1.684e+25
1.812e+25
1.982e+25
2.198e+25
2.468e+25
2.796e+25
3.198e+25
3.664e+25
4.2e+25
4.768e+25
5.356e+25
5.93e+25
6.428e+25
6.832e+25
7.022e+25
6.982e+25
6.65e+25
6.04e+25
5.174e+25
4.168e+25
3.134e+25
2.04e+25
1.15e+25
