3.47e+23
6.65e+23
1.143e+24
1.6476e+24
2.244e+24
2.918e+24
3.616e+24
4.314e+24
4.982e+24
5.604e+24
6.156e+24
6.64e+24
7.05e+24
7.368e+24
7.61e+24
7.768e+24
7.878e+24
7.938e+24
7.97e+24
7.964e+24
7.928e+24
7.872e+24
7.812e+24
7.764e+24
7.734e+24
7.722e+24
7.722e+24
7.722e+24
7.734e+24
7.764e+24
7.812e+24
7.872e+24
7.928e+24
7.964e+24
7.97e+24
7.938e+24
7.878e+24
7.768e+24
7.61e+24
7.368e+24
7.05e+24
6.64e+24
6.156e+24
5.604e+24
4.982e+24
4.314e+24
3.616e+24
2.918e+24
2.244e+24
1.6476e+24
1.143e+24
6.65e+23
3.47e+23
