4.7777e+10
9.3108e+10
1.6606e+11
2.4531e+11
3.424e+11
4.554e+11
5.814e+11
7.182e+11
8.634e+11
1.0172e+12
1.175e+12
1.334e+12
1.492e+12
1.646e+12
1.796e+12
1.94e+12
2.078e+12
2.208e+12
2.33e+12
2.44e+12
2.544e+12
2.642e+12
2.734e+12
2.818e+12
2.896e+12
2.962e+12
3.02e+12
3.072e+12
3.12e+12
3.162e+12
3.198e+12
3.228e+12
3.25e+12
3.268e+12
3.282e+12
3.296e+12
3.304e+12
3.308e+12
3.304e+12
3.296e+12
3.282e+12
3.268e+12
3.25e+12
3.228e+12
3.198e+12
3.162e+12
3.12e+12
3.072e+12
3.02e+12
2.962e+12
2.896e+12
2.818e+12
2.734e+12
2.642e+12
2.544e+12
2.44e+12
2.33e+12
2.208e+12
2.078e+12
1.94e+12
1.796e+12
1.646e+12
1.492e+12
1.334e+12
1.175e+12
1.0172e+12
8.634e+11
7.182e+11
5.814e+11
4.554e+11
3.424e+11
2.4531e+11
1.6606e+11
9.3108e+10
4.7777e+10
