1.23e+13
2.3967e+13
4.27e+13
6.304e+13
8.804e+13
1.1712e+14
1.4958e+14
1.848e+14
2.224e+14
2.618e+14
3.022e+14
3.428e+14
3.832e+14
4.226e+14
4.61e+14
4.982e+14
5.342e+14
5.68e+14
5.994e+14
6.282e+14
6.548e+14
6.796e+14
7.028e+14
7.244e+14
7.44e+14
7.612e+14
7.762e+14
7.896e+14
8.018e+14
8.126e+14
8.22e+14
8.294e+14
8.352e+14
8.396e+14
8.434e+14
8.466e+14
8.49e+14
8.498e+14
8.49e+14
8.466e+14
8.434e+14
8.396e+14
8.352e+14
8.294e+14
8.22e+14
8.126e+14
8.018e+14
7.896e+14
7.762e+14
7.612e+14
7.44e+14
7.244e+14
7.028e+14
6.796e+14
6.548e+14
6.282e+14
5.994e+14
5.68e+14
5.342e+14
4.982e+14
4.61e+14
4.226e+14
3.832e+14
3.428e+14
3.022e+14
2.618e+14
2.224e+14
1.848e+14
1.4958e+14
1.1712e+14
8.804e+13
6.304e+13
4.27e+13
2.3967e+13
1.23e+13
