8.94e+24
1.608e+25
2.4948e+25
3.34e+25
4.174e+25
4.904e+25
5.444e+25
5.764e+25
5.848e+25
5.738e+25
5.448e+25
5.062e+25
4.602e+25
4.118e+25
3.64e+25
3.184e+25
2.774e+25
2.414e+25
2.108e+25
1.844e+25
1.62e+25
1.43e+25
1.268e+25
1.1324e+25
1.019e+25
9.24e+24
8.434e+24
7.75e+24
7.16e+24
6.658e+24
6.232e+24
5.876e+24
5.582e+24
5.346e+24
5.168e+24
5.046e+24
4.974e+24
4.95e+24
4.974e+24
5.046e+24
5.168e+24
5.346e+24
5.582e+24
5.876e+24
6.232e+24
6.658e+24
7.16e+24
7.75e+24
8.434e+24
9.24e+24
1.019e+25
1.1324e+25
1.268e+25
1.43e+25
1.62e+25
1.844e+25
2.108e+25
2.414e+25
2.774e+25
3.184e+25
3.64e+25
4.118e+25
4.602e+25
5.062e+25
5.448e+25
5.738e+25
5.848e+25
5.764e+25
5.444e+25
4.904e+25
4.174e+25
3.34e+25
2.4948e+25
1.608e+25
8.94e+24
