5.09e+24
9.33e+24
1.4818e+25
2.016e+25
2.566e+25
3.076e+25
3.492e+25
3.788e+25
3.946e+25
3.978e+25
3.888e+25
3.718e+25
3.48e+25
3.202e+25
2.908e+25
2.61e+25
2.33e+25
2.072e+25
1.846e+25
1.644e+25
1.468e+25
1.314e+25
1.1816e+25
1.0672e+25
9.71e+24
8.888e+24
8.18e+24
7.57e+24
7.046e+24
6.6e+24
6.22e+24
5.904e+24
5.642e+24
5.432e+24
5.27e+24
5.16e+24
5.094e+24
5.072e+24
5.094e+24
5.16e+24
5.27e+24
5.432e+24
5.642e+24
5.904e+24
6.22e+24
6.6e+24
7.046e+24
7.57e+24
8.18e+24
8.888e+24
9.71e+24
1.0672e+25
1.1816e+25
1.314e+25
1.468e+25
1.644e+25
1.846e+25
2.072e+25
2.33e+25
2.61e+25
2.908e+25
3.202e+25
3.48e+25
3.718e+25
3.888e+25
3.978e+25
3.946e+25
3.788e+25
3.492e+25
3.076e+25
2.566e+25
2.016e+25
1.4818e+25
9.33e+24
5.09e+24
