8e+23
1.5033e+24
2.536e+24
3.592e+24
4.788e+24
6.048e+24
7.27e+24
8.402e+24
9.366e+24
1.0134e+25
1.0688e+25
1.104e+25
1.118e+25
1.114e+25
1.096e+25
1.0642e+25
1.0246e+25
9.79e+24
9.314e+24
8.82e+24
8.332e+24
7.862e+24
7.418e+24
7.004e+24
6.628e+24
6.292e+24
5.986e+24
5.712e+24
5.476e+24
5.27e+24
5.088e+24
4.934e+24
4.806e+24
4.7e+24
4.618e+24
4.564e+24
4.532e+24
4.522e+24
4.532e+24
4.564e+24
4.618e+24
4.7e+24
4.806e+24
4.934e+24
5.088e+24
5.27e+24
5.476e+24
5.712e+24
5.986e+24
6.292e+24
6.628e+24
7.004e+24
7.418e+24
7.862e+24
8.332e+24
8.82e+24
9.314e+24
9.79e+24
1.0246e+25
1.0642e+25
1.096e+25
1.114e+25
1.118e+25
1.104e+25
1.0688e+25
1.0134e+25
9.366e+24
8.402e+24
7.27e+24
6.048e+24
4.788e+24
3.592e+24
2.536e+24
1.5033e+24
8e+23
