2.02e+25
3.53e+25
5.274e+25
6.87e+25
8.336e+25
9.456e+25
1.0114e+26
1.028e+26
9.99e+25
9.368e+25
8.484e+25
7.518e+25
6.518e+25
5.572e+25
4.714e+25
3.956e+25
3.32e+25
2.792e+25
2.366e+25
2.018e+25
1.736e+25
1.504e+25
1.314e+25
1.1572e+25
1.029e+25
9.22e+24
8.324e+24
7.562e+24
6.92e+24
6.376e+24
5.916e+24
5.532e+24
5.216e+24
4.962e+24
4.77e+24
4.638e+24
4.56e+24
4.534e+24
4.56e+24
4.638e+24
4.77e+24
4.962e+24
5.216e+24
5.532e+24
5.916e+24
6.376e+24
6.92e+24
7.562e+24
8.324e+24
9.22e+24
1.029e+25
1.1572e+25
1.314e+25
1.504e+25
1.736e+25
2.018e+25
2.366e+25
2.792e+25
3.32e+25
3.956e+25
4.714e+25
5.572e+25
6.518e+25
7.518e+25
8.484e+25
9.368e+25
9.99e+25
1.028e+26
1.0114e+26
9.456e+25
8.336e+25
6.87e+25
5.274e+25
3.53e+25
2.02e+25
