1.4e+25
2.4767e+25
3.766e+25
4.972e+25
6.12e+25
7.06e+25
7.684e+25
7.96e+25
7.892e+25
7.558e+25
6.996e+25
6.34e+25
5.622e+25
4.91e+25
4.24e+25
3.628e+25
3.098e+25
2.646e+25
2.272e+25
1.958e+25
1.698e+25
1.482e+25
1.302e+25
1.1532e+25
1.0316e+25
9.296e+24
8.432e+24
7.706e+24
7.08e+24
6.548e+24
6.098e+24
5.722e+24
5.412e+24
5.164e+24
4.978e+24
4.848e+24
4.774e+24
4.748e+24
4.774e+24
4.848e+24
4.978e+24
5.164e+24
5.412e+24
5.722e+24
6.098e+24
6.548e+24
7.08e+24
7.706e+24
8.432e+24
9.296e+24
1.0316e+25
1.1532e+25
1.302e+25
1.482e+25
1.698e+25
1.958e+25
2.272e+25
2.646e+25
3.098e+25
3.628e+25
4.24e+25
4.91e+25
5.622e+25
6.34e+25
6.996e+25
7.558e+25
7.892e+25
7.96e+25
7.684e+25
7.06e+25
6.12e+25
4.972e+25
3.766e+25
2.4767e+25
1.4e+25
