1.58e+22
3.0633e+22
5.428e+22
7.992e+22
1.111e+23
1.471e+23
1.868e+23
2.296e+23
2.742e+23
3.202e+23
3.666e+23
4.122e+23
4.562e+23
4.98e+23
5.378e+23
5.748e+23
6.096e+23
6.412e+23
6.696e+23
6.944e+23
7.166e+23
7.366e+23
7.546e+23
7.706e+23
7.844e+23
7.956e+23
8.048e+23
8.126e+23
8.198e+23
8.26e+23
8.312e+23
8.35e+23
8.376e+23
8.394e+23
8.412e+23
8.432e+23
8.446e+23
8.452e+23
8.446e+23
8.432e+23
8.412e+23
8.394e+23
8.376e+23
8.35e+23
8.312e+23
8.26e+23
8.198e+23
8.126e+23
8.048e+23
7.956e+23
7.844e+23
7.706e+23
7.546e+23
7.366e+23
7.166e+23
6.944e+23
6.696e+23
6.412e+23
6.096e+23
5.748e+23
5.378e+23
4.98e+23
4.562e+23
4.122e+23
3.666e+23
3.202e+23
2.742e+23
2.296e+23
1.868e+23
1.471e+23
1.111e+23
7.992e+22
5.428e+22
3.0633e+22
1.58e+22
