3.54e+23
6.6533e+23
1.1452e+24
1.6464e+24
2.226e+24
2.856e+24
3.496e+24
4.116e+24
4.688e+24
5.198e+24
5.624e+24
5.958e+24
6.198e+24
6.348e+24
6.424e+24
6.428e+24
6.38e+24
6.28e+24
6.142e+24
5.972e+24
5.786e+24
5.594e+24
5.402e+24
5.216e+24
5.034e+24
4.86e+24
4.698e+24
4.55e+24
4.42e+24
4.306e+24
4.204e+24
4.114e+24
4.038e+24
3.976e+24
3.93e+24
3.902e+24
3.888e+24
3.884e+24
3.888e+24
3.902e+24
3.93e+24
3.976e+24
4.038e+24
4.114e+24
4.204e+24
4.306e+24
4.42e+24
4.55e+24
4.698e+24
4.86e+24
5.034e+24
5.216e+24
5.402e+24
5.594e+24
5.786e+24
5.972e+24
6.142e+24
6.28e+24
6.38e+24
6.428e+24
6.424e+24
6.348e+24
6.198e+24
5.958e+24
5.624e+24
5.198e+24
4.688e+24
4.116e+24
3.496e+24
2.856e+24
2.226e+24
1.6464e+24
1.1452e+24
6.6533e+23
3.54e+23
