1.1e+23
2.1033e+23
3.678e+23
5.358e+23
7.352e+23
9.576e+23
1.1944e+24
1.438e+24
1.678e+24
1.91e+24
2.128e+24
2.324e+24
2.494e+24
2.638e+24
2.758e+24
2.852e+24
2.926e+24
2.978e+24
3.01e+24
3.024e+24
3.026e+24
3.018e+24
3.002e+24
2.98e+24
2.952e+24
2.918e+24
2.882e+24
2.846e+24
2.814e+24
2.786e+24
2.76e+24
2.736e+24
2.714e+24
2.696e+24
2.682e+24
2.674e+24
2.67e+24
2.67e+24
2.67e+24
2.674e+24
2.682e+24
2.696e+24
2.714e+24
2.736e+24
2.76e+24
2.786e+24
2.814e+24
2.846e+24
2.882e+24
2.918e+24
2.952e+24
2.98e+24
3.002e+24
3.018e+24
3.026e+24
3.024e+24
3.01e+24
2.978e+24
2.926e+24
2.852e+24
2.758e+24
2.638e+24
2.494e+24
2.324e+24
2.128e+24
1.91e+24
1.678e+24
1.438e+24
1.1944e+24
9.576e+23
7.352e+23
5.358e+23
3.678e+23
2.1033e+23
1.1e+23
