3.61e+24
6.6533e+24
1.0732e+25
1.473e+25
1.894e+25
2.298e+25
2.642e+25
2.906e+25
3.072e+25
3.144e+25
3.122e+25
3.032e+25
2.884e+25
2.698e+25
2.49e+25
2.27e+25
2.056e+25
1.854e+25
1.67e+25
1.504e+25
1.356e+25
1.2254e+25
1.1104e+25
1.0112e+25
9.256e+24
8.53e+24
7.894e+24
7.344e+24
6.87e+24
6.464e+24
6.12e+24
5.832e+24
5.592e+24
5.398e+24
5.25e+24
5.148e+24
5.088e+24
5.068e+24
5.088e+24
5.148e+24
5.25e+24
5.398e+24
5.592e+24
5.832e+24
6.12e+24
6.464e+24
6.87e+24
7.344e+24
7.894e+24
8.53e+24
9.256e+24
1.0112e+25
1.1104e+25
1.2254e+25
1.356e+25
1.504e+25
1.67e+25
1.854e+25
2.056e+25
2.27e+25
2.49e+25
2.698e+25
2.884e+25
3.032e+25
3.122e+25
3.144e+25
3.072e+25
2.906e+25
2.642e+25
2.298e+25
1.894e+25
1.473e+25
1.0732e+25
6.6533e+24
3.61e+24
