2.76e+25
4.7567e+25
6.984e+25
9.012e+25
1.081e+26
1.209e+26
1.272e+26
1.272e+26
1.212e+26
1.1138e+26
9.878e+25
8.592e+25
7.296e+25
6.122e+25
5.09e+25
4.204e+25
3.476e+25
2.888e+25
2.42e+25
2.046e+25
1.746e+25
1.504e+25
1.307e+25
1.1474e+25
1.016e+25
9.078e+24
8.168e+24
7.4e+24
6.748e+24
6.198e+24
5.73e+24
5.34e+24
5.02e+24
4.764e+24
4.57e+24
4.438e+24
4.36e+24
4.334e+24
4.36e+24
4.438e+24
4.57e+24
4.764e+24
5.02e+24
5.34e+24
5.73e+24
6.198e+24
6.748e+24
7.4e+24
8.168e+24
9.078e+24
1.016e+25
1.1474e+25
1.307e+25
1.504e+25
1.746e+25
2.046e+25
2.42e+25
2.888e+25
3.476e+25
4.204e+25
5.09e+25
6.122e+25
7.296e+25
8.592e+25
9.878e+25
1.1138e+26
1.212e+26
1.272e+26
1.272e+26
1.209e+26
1.081e+26
9.012e+25
6.984e+25
4.7567e+25
2.76e+25
