8.12e+17
1.5807e+18
2.8204e+18
4.166e+18
5.814e+18
7.738e+18
9.874e+18
1.2206e+19
1.4678e+19
1.728e+19
1.996e+19
2.266e+19
2.532e+19
2.792e+19
3.046e+19
3.29e+19
3.526e+19
3.75e+19
3.958e+19
4.148e+19
4.324e+19
4.488e+19
4.642e+19
4.786e+19
4.916e+19
5.03e+19
5.13e+19
5.218e+19
5.298e+19
5.37e+19
5.432e+19
5.482e+19
5.52e+19
5.55e+19
5.576e+19
5.598e+19
5.614e+19
5.62e+19
5.614e+19
5.598e+19
5.576e+19
5.55e+19
5.52e+19
5.482e+19
5.432e+19
5.37e+19
5.298e+19
5.218e+19
5.13e+19
5.03e+19
4.916e+19
4.786e+19
4.642e+19
4.488e+19
4.324e+19
4.148e+19
3.958e+19
3.75e+19
3.526e+19
3.29e+19
3.046e+19
2.792e+19
2.532e+19
2.266e+19
1.996e+19
1.728e+19
1.4678e+19
1.2206e+19
9.874e+18
7.738e+18
5.814e+18
4.166e+18
2.8204e+18
1.5807e+18
8.12e+17
