1.13e+25
2.02e+25
3.1e+25
4.122e+25
5.11e+25
5.946e+25
6.534e+25
6.84e+25
6.856e+25
6.644e+25
6.226e+25
5.71e+25
5.124e+25
4.528e+25
3.954e+25
3.418e+25
2.946e+25
2.54e+25
2.198e+25
1.908e+25
1.666e+25
1.464e+25
1.292e+25
1.1494e+25
1.0304e+25
9.312e+24
8.46e+24
7.748e+24
7.136e+24
6.616e+24
6.176e+24
5.808e+24
5.504e+24
5.262e+24
5.078e+24
4.952e+24
4.878e+24
4.854e+24
4.878e+24
4.952e+24
5.078e+24
5.262e+24
5.504e+24
5.808e+24
6.176e+24
6.616e+24
7.136e+24
7.748e+24
8.46e+24
9.312e+24
1.0304e+25
1.1494e+25
1.292e+25
1.464e+25
1.666e+25
1.908e+25
2.198e+25
2.54e+25
2.946e+25
3.418e+25
3.954e+25
4.528e+25
5.124e+25
5.71e+25
6.226e+25
6.644e+25
6.856e+25
6.84e+25
6.534e+25
5.946e+25
5.11e+25
4.122e+25
3.1e+25
2.02e+25
1.13e+25
