1.7e+25
2.9833e+25
4.494e+25
5.894e+25
7.202e+25
8.24e+25
8.886e+25
9.116e+25
8.942e+25
8.47e+25
7.748e+25
6.942e+25
6.084e+25
5.256e+25
4.492e+25
3.806e+25
3.22e+25
2.728e+25
2.326e+25
1.992e+25
1.72e+25
1.496e+25
1.31e+25
1.1564e+25
1.0316e+25
9.262e+24
8.382e+24
7.638e+24
7.002e+24
6.464e+24
6.008e+24
5.628e+24
5.314e+24
5.062e+24
4.872e+24
4.74e+24
4.664e+24
4.638e+24
4.664e+24
4.74e+24
4.872e+24
5.062e+24
5.314e+24
5.628e+24
6.008e+24
6.464e+24
7.002e+24
7.638e+24
8.382e+24
9.262e+24
1.0316e+25
1.1564e+25
1.31e+25
1.496e+25
1.72e+25
1.992e+25
2.326e+25
2.728e+25
3.22e+25
3.806e+25
4.492e+25
5.256e+25
6.084e+25
6.942e+25
7.748e+25
8.47e+25
8.942e+25
9.116e+25
8.886e+25
8.24e+25
7.202e+25
5.894e+25
4.494e+25
2.9833e+25
1.7e+25
