2.41e+24
4.4967e+24
7.336e+24
1.0154e+25
1.3186e+25
1.6198e+25
1.888e+25
2.108e+25
2.266e+25
2.36e+25
2.386e+25
2.36e+25
2.286e+25
2.178e+25
2.046e+25
1.898e+25
1.748e+25
1.602e+25
1.464e+25
1.336e+25
1.22e+25
1.115e+25
1.02e+25
9.37e+24
8.652e+24
8.018e+24
7.472e+24
6.996e+24
6.582e+24
6.228e+24
5.926e+24
5.672e+24
5.462e+24
5.292e+24
5.162e+24
5.072e+24
5.02e+24
5.002e+24
5.02e+24
5.072e+24
5.162e+24
5.292e+24
5.462e+24
5.672e+24
5.926e+24
6.228e+24
6.582e+24
6.996e+24
7.472e+24
8.018e+24
8.652e+24
9.37e+24
1.02e+25
1.115e+25
1.22e+25
1.336e+25
1.464e+25
1.602e+25
1.748e+25
1.898e+25
2.046e+25
2.178e+25
2.286e+25
2.36e+25
2.386e+25
2.36e+25
2.266e+25
2.108e+25
1.888e+25
1.6198e+25
1.3186e+25
1.0154e+25
7.336e+24
4.4967e+24
2.41e+24
