1.48e+24
2.78e+24
4.602e+24
6.446e+24
8.476e+24
1.0554e+25
1.247e+25
1.414e+25
1.544e+25
1.636e+25
1.686e+25
1.702e+25
1.686e+25
1.642e+25
1.576e+25
1.494e+25
1.406e+25
1.312e+25
1.22e+25
1.1324e+25
1.0484e+25
9.7e+24
8.986e+24
8.356e+24
7.796e+24
7.304e+24
6.868e+24
6.484e+24
6.15e+24
5.862e+24
5.614e+24
5.404e+24
5.23e+24
5.088e+24
4.978e+24
4.902e+24
4.858e+24
4.844e+24
4.858e+24
4.902e+24
4.978e+24
5.088e+24
5.23e+24
5.404e+24
5.614e+24
5.862e+24
6.15e+24
6.484e+24
6.868e+24
7.304e+24
7.796e+24
8.356e+24
8.986e+24
9.7e+24
1.0484e+25
1.1324e+25
1.22e+25
1.312e+25
1.406e+25
1.494e+25
1.576e+25
1.642e+25
1.686e+25
1.702e+25
1.686e+25
1.636e+25
1.544e+25
1.414e+25
1.247e+25
1.0554e+25
8.476e+24
6.446e+24
4.602e+24
2.78e+24
1.48e+24
