3.16e+15
6.1567e+15
1.0974e+16
1.6202e+16
2.2612e+16
3.008e+16
3.842e+16
4.748e+16
5.712e+16
6.724e+16
7.766e+16
8.816e+16
9.858e+16
1.0868e+17
1.1862e+17
1.282e+17
1.374e+17
1.46e+17
1.542e+17
1.616e+17
1.684e+17
1.748e+17
1.808e+17
1.862e+17
1.912e+17
1.956e+17
1.994e+17
2.028e+17
2.06e+17
2.088e+17
2.112e+17
2.132e+17
2.148e+17
2.16e+17
2.17e+17
2.178e+17
2.184e+17
2.186e+17
2.184e+17
2.178e+17
2.17e+17
2.16e+17
2.148e+17
2.132e+17
2.112e+17
2.088e+17
2.06e+17
2.028e+17
1.994e+17
1.956e+17
1.912e+17
1.862e+17
1.808e+17
1.748e+17
1.684e+17
1.616e+17
1.542e+17
1.46e+17
1.374e+17
1.282e+17
1.1862e+17
1.0868e+17
9.858e+16
8.816e+16
7.766e+16
6.724e+16
5.712e+16
4.748e+16
3.842e+16
3.008e+16
2.2612e+16
1.6202e+16
1.0974e+16
6.1567e+15
3.16e+15
