2.05e+20
3.99e+20
7.118e+20
1.0508e+21
1.4656e+21
1.9484e+21
2.488e+21
3.074e+21
3.698e+21
4.354e+21
5.028e+21
5.706e+21
6.378e+21
7.032e+21
7.67e+21
8.286e+21
8.876e+21
9.438e+21
9.96e+21
1.0438e+22
1.088e+22
1.13e+22
1.168e+22
1.204e+22
1.236e+22
1.264e+22
1.288e+22
1.31e+22
1.33e+22
1.348e+22
1.364e+22
1.376e+22
1.386e+22
1.394e+22
1.4e+22
1.406e+22
1.41e+22
1.412e+22
1.41e+22
1.406e+22
1.4e+22
1.394e+22
1.386e+22
1.376e+22
1.364e+22
1.348e+22
1.33e+22
1.31e+22
1.288e+22
1.264e+22
1.236e+22
1.204e+22
1.168e+22
1.13e+22
1.088e+22
1.0438e+22
9.96e+21
9.438e+21
8.876e+21
8.286e+21
7.67e+21
7.032e+21
6.378e+21
5.706e+21
5.028e+21
4.354e+21
3.698e+21
3.074e+21
2.488e+21
1.9484e+21
1.4656e+21
1.0508e+21
7.118e+20
3.99e+20
2.05e+20
