2.38e+25
4.1233e+25
6.114e+25
7.918e+25
9.554e+25
1.076e+26
1.142e+26
1.15e+26
1.1068e+26
1.027e+26
9.2e+25
8.068e+25
6.922e+25
5.862e+25
4.916e+25
4.094e+25
3.408e+25
2.848e+25
2.398e+25
2.034e+25
1.742e+25
1.506e+25
1.312e+25
1.1538e+25
1.024e+25
9.154e+24
8.24e+24
7.48e+24
6.832e+24
6.284e+24
5.82e+24
5.432e+24
5.112e+24
4.858e+24
4.666e+24
4.532e+24
4.456e+24
4.432e+24
4.456e+24
4.532e+24
4.666e+24
4.858e+24
5.112e+24
5.432e+24
5.82e+24
6.284e+24
6.832e+24
7.48e+24
8.24e+24
9.154e+24
1.024e+25
1.1538e+25
1.312e+25
1.506e+25
1.742e+25
2.034e+25
2.398e+25
2.848e+25
3.408e+25
4.094e+25
4.916e+25
5.862e+25
6.922e+25
8.068e+25
9.2e+25
1.027e+26
1.1068e+26
1.15e+26
1.142e+26
1.076e+26
9.554e+25
7.918e+25
6.114e+25
4.1233e+25
2.38e+25
