6.87e+24
1.2457e+25
1.9554e+25
2.638e+25
3.326e+25
3.946e+25
4.428e+25
4.742e+25
4.872e+25
4.842e+25
4.662e+25
4.392e+25
4.05e+25
3.674e+25
3.29e+25
2.912e+25
2.566e+25
2.256e+25
1.988e+25
1.754e+25
1.554e+25
1.382e+25
1.2332e+25
1.1072e+25
1.0022e+25
9.124e+24
8.354e+24
7.7e+24
7.138e+24
6.66e+24
6.254e+24
5.914e+24
5.632e+24
5.408e+24
5.238e+24
5.12e+24
5.052e+24
5.03e+24
5.052e+24
5.12e+24
5.238e+24
5.408e+24
5.632e+24
5.914e+24
6.254e+24
6.66e+24
7.138e+24
7.7e+24
8.354e+24
9.124e+24
1.0022e+25
1.1072e+25
1.2332e+25
1.382e+25
1.554e+25
1.754e+25
1.988e+25
2.256e+25
2.566e+25
2.912e+25
3.29e+25
3.674e+25
4.05e+25
4.392e+25
4.662e+25
4.842e+25
4.872e+25
4.742e+25
4.428e+25
3.946e+25
3.326e+25
2.638e+25
1.9554e+25
1.2457e+25
6.87e+24
