3.64e+16
7.1167e+16
1.289e+17
1.9242e+17
2.716e+17
3.658e+17
4.732e+17
5.93e+17
7.242e+17
8.66e+17
1.0174e+18
1.1732e+18
1.334e+18
1.496e+18
1.662e+18
1.826e+18
1.992e+18
2.154e+18
2.308e+18
2.452e+18
2.592e+18
2.726e+18
2.854e+18
2.976e+18
3.09e+18
3.192e+18
3.284e+18
3.368e+18
3.45e+18
3.524e+18
3.588e+18
3.638e+18
3.678e+18
3.706e+18
3.73e+18
3.75e+18
3.766e+18
3.77e+18
3.766e+18
3.75e+18
3.73e+18
3.706e+18
3.678e+18
3.638e+18
3.588e+18
3.524e+18
3.45e+18
3.368e+18
3.284e+18
3.192e+18
3.09e+18
2.976e+18
2.854e+18
2.726e+18
2.592e+18
2.452e+18
2.308e+18
2.154e+18
1.992e+18
1.826e+18
1.662e+18
1.496e+18
1.334e+18
1.1732e+18
1.0174e+18
8.66e+17
7.242e+17
5.93e+17
4.732e+17
3.658e+17
2.716e+17
1.9242e+17
1.289e+17
7.1167e+16
3.64e+16
