5.51e+11
1.079e+12
1.9494e+12
2.9112e+12
4.108e+12
5.532e+12
7.166e+12
8.99e+12
1.0978e+13
1.3124e+13
1.542e+13
1.778e+13
2.02e+13
2.266e+13
2.516e+13
2.764e+13
3.014e+13
3.258e+13
3.492e+13
3.712e+13
3.922e+13
4.124e+13
4.318e+13
4.502e+13
4.674e+13
4.83e+13
4.972e+13
5.102e+13
5.224e+13
5.336e+13
5.432e+13
5.508e+13
5.566e+13
5.61e+13
5.646e+13
5.676e+13
5.698e+13
5.706e+13
5.698e+13
5.676e+13
5.646e+13
5.61e+13
5.566e+13
5.508e+13
5.432e+13
5.336e+13
5.224e+13
5.102e+13
4.972e+13
4.83e+13
4.674e+13
4.502e+13
4.318e+13
4.124e+13
3.922e+13
3.712e+13
3.492e+13
3.258e+13
3.014e+13
2.764e+13
2.516e+13
2.266e+13
2.02e+13
1.778e+13
1.542e+13
1.3124e+13
1.0978e+13
8.99e+12
7.166e+12
5.532e+12
4.108e+12
2.9112e+12
1.9494e+12
1.079e+12
5.51e+11
