2.84e+25
4.89e+25
7.17e+25
9.242e+25
1.108e+26
1.2396e+26
1.304e+26
1.302e+26
1.24e+26
1.1388e+26
1.0064e+26
8.718e+25
7.37e+25
6.13e+25
5.036e+25
4.094e+25
3.322e+25
2.7e+25
2.212e+25
1.824e+25
1.52e+25
1.2806e+25
1.0916e+25
9.434e+24
8.27e+24
7.354e+24
6.616e+24
6.018e+24
5.528e+24
5.128e+24
4.798e+24
4.53e+24
4.312e+24
4.142e+24
4.014e+24
3.924e+24
3.872e+24
3.856e+24
3.872e+24
3.924e+24
4.014e+24
4.142e+24
4.312e+24
4.53e+24
4.798e+24
5.128e+24
5.528e+24
6.018e+24
6.616e+24
7.354e+24
8.27e+24
9.434e+24
1.0916e+25
1.2806e+25
1.52e+25
1.824e+25
2.212e+25
2.7e+25
3.322e+25
4.094e+25
5.036e+25
6.13e+25
7.37e+25
8.718e+25
1.0064e+26
1.1388e+26
1.24e+26
1.302e+26
1.304e+26
1.2396e+26
1.108e+26
9.242e+25
7.17e+25
4.89e+25
2.84e+25
