8.93e+24
1.6077e+25
2.4886e+25
3.334e+25
4.166e+25
4.902e+25
5.444e+25
5.77e+25
5.856e+25
5.75e+25
5.454e+25
5.066e+25
4.598e+25
4.102e+25
3.612e+25
3.138e+25
2.716e+25
2.342e+25
2.026e+25
1.754e+25
1.526e+25
1.334e+25
1.1728e+25
1.0408e+25
9.326e+24
8.444e+24
7.702e+24
7.092e+24
6.582e+24
6.16e+24
5.812e+24
5.528e+24
5.296e+24
5.112e+24
4.972e+24
4.874e+24
4.816e+24
4.796e+24
4.816e+24
4.874e+24
4.972e+24
5.112e+24
5.296e+24
5.528e+24
5.812e+24
6.16e+24
6.582e+24
7.092e+24
7.702e+24
8.444e+24
9.326e+24
1.0408e+25
1.1728e+25
1.334e+25
1.526e+25
1.754e+25
2.026e+25
2.342e+25
2.716e+25
3.138e+25
3.612e+25
4.102e+25
4.598e+25
5.066e+25
5.454e+25
5.75e+25
5.856e+25
5.77e+25
5.444e+25
4.902e+25
4.166e+25
3.334e+25
2.4886e+25
1.6077e+25
8.93e+24
