4.92e+24
9.0067e+24
1.4344e+25
1.954e+25
2.492e+25
2.996e+25
3.41e+25
3.71e+25
3.874e+25
3.914e+25
3.832e+25
3.668e+25
3.434e+25
3.16e+25
2.866e+25
2.566e+25
2.282e+25
2.02e+25
1.79e+25
1.584e+25
1.404e+25
1.2492e+25
1.1166e+25
1.0032e+25
9.11e+24
8.34e+24
7.686e+24
7.136e+24
6.672e+24
6.286e+24
5.966e+24
5.704e+24
5.49e+24
5.32e+24
5.19e+24
5.1e+24
5.046e+24
5.028e+24
5.046e+24
5.1e+24
5.19e+24
5.32e+24
5.49e+24
5.704e+24
5.966e+24
6.286e+24
6.672e+24
7.136e+24
7.686e+24
8.34e+24
9.11e+24
1.0032e+25
1.1166e+25
1.2492e+25
1.404e+25
1.584e+25
1.79e+25
2.02e+25
2.282e+25
2.566e+25
2.866e+25
3.16e+25
3.434e+25
3.668e+25
3.832e+25
3.914e+25
3.874e+25
3.71e+25
3.41e+25
2.996e+25
2.492e+25
1.954e+25
1.4344e+25
9.0067e+24
4.92e+24
