3.47e+24
6.4067e+24
1.0344e+25
1.423e+25
1.8368e+25
2.236e+25
2.582e+25
2.848e+25
3.02e+25
3.098e+25
3.084e+25
3.002e+25
2.86e+25
2.676e+25
2.466e+25
2.242e+25
2.02e+25
1.81e+25
1.62e+25
1.448e+25
1.296e+25
1.1614e+25
1.0446e+25
9.446e+24
8.606e+24
7.888e+24
7.29e+24
6.786e+24
6.36e+24
6.008e+24
5.716e+24
5.478e+24
5.286e+24
5.132e+24
5.014e+24
4.932e+24
4.884e+24
4.868e+24
4.884e+24
4.932e+24
5.014e+24
5.132e+24
5.286e+24
5.478e+24
5.716e+24
6.008e+24
6.36e+24
6.786e+24
7.29e+24
7.888e+24
8.606e+24
9.446e+24
1.0446e+25
1.1614e+25
1.296e+25
1.448e+25
1.62e+25
1.81e+25
2.02e+25
2.242e+25
2.466e+25
2.676e+25
2.86e+25
3.002e+25
3.084e+25
3.098e+25
3.02e+25
2.848e+25
2.582e+25
2.236e+25
1.8368e+25
1.423e+25
1.0344e+25
6.4067e+24
3.47e+24
