1.43e+25
2.5267e+25
3.832e+25
5.058e+25
6.218e+25
7.18e+25
7.808e+25
8.092e+25
8.016e+25
7.678e+25
7.088e+25
6.412e+25
5.662e+25
4.918e+25
4.216e+25
3.568e+25
3.014e+25
2.536e+25
2.146e+25
1.822e+25
1.556e+25
1.338e+25
1.1602e+25
1.017e+25
9.012e+24
8.092e+24
7.332e+24
6.71e+24
6.196e+24
5.772e+24
5.426e+24
5.144e+24
4.914e+24
4.732e+24
4.594e+24
4.498e+24
4.44e+24
4.422e+24
4.44e+24
4.498e+24
4.594e+24
4.732e+24
4.914e+24
5.144e+24
5.426e+24
5.772e+24
6.196e+24
6.71e+24
7.332e+24
8.092e+24
9.012e+24
1.017e+25
1.1602e+25
1.338e+25
1.556e+25
1.822e+25
2.146e+25
2.536e+25
3.014e+25
3.568e+25
4.216e+25
4.918e+25
5.662e+25
6.412e+25
7.088e+25
7.678e+25
8.016e+25
8.092e+25
7.808e+25
7.18e+25
6.218e+25
5.058e+25
3.832e+25
2.5267e+25
1.43e+25
