2.36e+24
4.3967e+24
7.204e+24
1.0012e+25
1.3064e+25
1.6106e+25
1.886e+25
2.112e+25
2.276e+25
2.374e+25
2.404e+25
2.378e+25
2.304e+25
2.192e+25
2.054e+25
1.896e+25
1.736e+25
1.578e+25
1.43e+25
1.29e+25
1.164e+25
1.0484e+25
9.462e+24
8.558e+24
7.804e+24
7.16e+24
6.61e+24
6.144e+24
5.75e+24
5.424e+24
5.154e+24
4.938e+24
4.762e+24
4.622e+24
4.516e+24
4.442e+24
4.398e+24
4.384e+24
4.398e+24
4.442e+24
4.516e+24
4.622e+24
4.762e+24
4.938e+24
5.154e+24
5.424e+24
5.75e+24
6.144e+24
6.61e+24
7.16e+24
7.804e+24
8.558e+24
9.462e+24
1.0484e+25
1.164e+25
1.29e+25
1.43e+25
1.578e+25
1.736e+25
1.896e+25
2.054e+25
2.192e+25
2.304e+25
2.378e+25
2.404e+25
2.374e+25
2.276e+25
2.112e+25
1.886e+25
1.6106e+25
1.3064e+25
1.0012e+25
7.204e+24
4.3967e+24
2.36e+24
