1.58e+21
3.0867e+21
5.58e+21
8.324e+21
1.174e+22
1.5808e+22
2.042e+22
2.556e+22
3.118e+22
3.724e+22
4.366e+22
5.03e+22
5.71e+22
6.392e+22
7.082e+22
7.766e+22
8.45e+22
9.114e+22
9.744e+22
1.033e+23
1.09e+23
1.144e+23
1.194e+23
1.242e+23
1.288e+23
1.328e+23
1.364e+23
1.398e+23
1.43e+23
1.458e+23
1.482e+23
1.5e+23
1.514e+23
1.524e+23
1.532e+23
1.54e+23
1.546e+23
1.548e+23
1.546e+23
1.54e+23
1.532e+23
1.524e+23
1.514e+23
1.5e+23
1.482e+23
1.458e+23
1.43e+23
1.398e+23
1.364e+23
1.328e+23
1.288e+23
1.242e+23
1.194e+23
1.144e+23
1.09e+23
1.033e+23
9.744e+22
9.114e+22
8.45e+22
7.766e+22
7.082e+22
6.392e+22
5.71e+22
5.03e+22
4.366e+22
3.724e+22
3.118e+22
2.556e+22
2.042e+22
1.5808e+22
1.174e+22
8.324e+21
5.58e+21
3.0867e+21
1.58e+21
