3e+23
5.62e+23
9.772e+23
1.4172e+24
1.9326e+24
2.504e+24
3.092e+24
3.676e+24
4.224e+24
4.728e+24
5.16e+24
5.506e+24
5.762e+24
5.928e+24
6.018e+24
6.032e+24
5.996e+24
5.902e+24
5.766e+24
5.592e+24
5.398e+24
5.196e+24
4.988e+24
4.782e+24
4.576e+24
4.372e+24
4.176e+24
3.996e+24
3.836e+24
3.694e+24
3.57e+24
3.462e+24
3.37e+24
3.296e+24
3.242e+24
3.206e+24
3.188e+24
3.182e+24
3.188e+24
3.206e+24
3.242e+24
3.296e+24
3.37e+24
3.462e+24
3.57e+24
3.694e+24
3.836e+24
3.996e+24
4.176e+24
4.372e+24
4.576e+24
4.782e+24
4.988e+24
5.196e+24
5.398e+24
5.592e+24
5.766e+24
5.902e+24
5.996e+24
6.032e+24
6.018e+24
5.928e+24
5.762e+24
5.506e+24
5.16e+24
4.728e+24
4.224e+24
3.676e+24
3.092e+24
2.504e+24
1.9326e+24
1.4172e+24
9.772e+23
5.62e+23
3e+23
