1.74e+25
3.0567e+25
4.592e+25
6.024e+25
7.352e+25
8.418e+25
9.07e+25
9.306e+25
9.118e+25
8.636e+25
7.876e+25
7.042e+25
6.144e+25
5.272e+25
4.466e+25
3.736e+25
3.12e+25
2.596e+25
2.176e+25
1.83e+25
1.552e+25
1.326e+25
1.144e+25
9.984e+24
8.824e+24
7.884e+24
7.124e+24
6.504e+24
5.996e+24
5.578e+24
5.234e+24
4.956e+24
4.73e+24
4.55e+24
4.414e+24
4.322e+24
4.266e+24
4.248e+24
4.266e+24
4.322e+24
4.414e+24
4.55e+24
4.73e+24
4.956e+24
5.234e+24
5.578e+24
5.996e+24
6.504e+24
7.124e+24
7.884e+24
8.824e+24
9.984e+24
1.144e+25
1.326e+25
1.552e+25
1.83e+25
2.176e+25
2.596e+25
3.12e+25
3.736e+25
4.466e+25
5.272e+25
6.144e+25
7.042e+25
7.876e+25
8.636e+25
9.118e+25
9.306e+25
9.07e+25
8.418e+25
7.352e+25
6.024e+25
4.592e+25
3.0567e+25
1.74e+25
