1.46e+24
2.7433e+24
4.578e+24
6.426e+24
8.486e+24
1.0632e+25
1.2632e+25
1.44e+25
1.58e+25
1.68e+25
1.734e+25
1.75e+25
1.73e+25
1.682e+25
1.61e+25
1.518e+25
1.418e+25
1.312e+25
1.208e+25
1.1058e+25
1.009e+25
9.194e+24
8.372e+24
7.62e+24
6.972e+24
6.412e+24
5.926e+24
5.504e+24
5.146e+24
4.85e+24
4.598e+24
4.392e+24
4.228e+24
4.094e+24
3.99e+24
3.918e+24
3.876e+24
3.86e+24
3.876e+24
3.918e+24
3.99e+24
4.094e+24
4.228e+24
4.392e+24
4.598e+24
4.85e+24
5.146e+24
5.504e+24
5.926e+24
6.412e+24
6.972e+24
7.62e+24
8.372e+24
9.194e+24
1.009e+25
1.1058e+25
1.208e+25
1.312e+25
1.418e+25
1.518e+25
1.61e+25
1.682e+25
1.73e+25
1.75e+25
1.734e+25
1.68e+25
1.58e+25
1.44e+25
1.2632e+25
1.0632e+25
8.486e+24
6.426e+24
4.578e+24
2.7433e+24
1.46e+24
