6.46e+22
1.2353e+23
2.1912e+23
3.23e+23
4.484e+23
5.928e+23
7.498e+23
9.158e+23
1.085e+24
1.257e+24
1.424e+24
1.582e+24
1.728e+24
1.858e+24
1.974e+24
2.074e+24
2.16e+24
2.23e+24
2.284e+24
2.32e+24
2.342e+24
2.356e+24
2.36e+24
2.358e+24
2.348e+24
2.332e+24
2.312e+24
2.29e+24
2.27e+24
2.252e+24
2.234e+24
2.214e+24
2.196e+24
2.178e+24
2.166e+24
2.16e+24
2.158e+24
2.156e+24
2.158e+24
2.16e+24
2.166e+24
2.178e+24
2.196e+24
2.214e+24
2.234e+24
2.252e+24
2.27e+24
2.29e+24
2.312e+24
2.332e+24
2.348e+24
2.358e+24
2.36e+24
2.356e+24
2.342e+24
2.32e+24
2.284e+24
2.23e+24
2.16e+24
2.074e+24
1.974e+24
1.858e+24
1.728e+24
1.582e+24
1.424e+24
1.257e+24
1.085e+24
9.158e+23
7.498e+23
5.928e+23
4.484e+23
3.23e+23
2.1912e+23
1.2353e+23
6.46e+22
