7.78e+23
1.446e+24
2.4576e+24
3.502e+24
4.692e+24
5.962e+24
7.2e+24
8.352e+24
9.352e+24
1.0178e+25
1.076e+25
1.114e+25
1.13e+25
1.126e+25
1.106e+25
1.0728e+25
1.0298e+25
9.788e+24
9.238e+24
8.652e+24
8.072e+24
7.512e+24
6.98e+24
6.48e+24
6.024e+24
5.612e+24
5.238e+24
4.906e+24
4.626e+24
4.384e+24
4.172e+24
3.996e+24
3.854e+24
3.736e+24
3.646e+24
3.586e+24
3.552e+24
3.54e+24
3.552e+24
3.586e+24
3.646e+24
3.736e+24
3.854e+24
3.996e+24
4.172e+24
4.384e+24
4.626e+24
4.906e+24
5.238e+24
5.612e+24
6.024e+24
6.48e+24
6.98e+24
7.512e+24
8.072e+24
8.652e+24
9.238e+24
9.788e+24
1.0298e+25
1.0728e+25
1.106e+25
1.126e+25
1.13e+25
1.114e+25
1.076e+25
1.0178e+25
9.352e+24
8.352e+24
7.2e+24
5.962e+24
4.692e+24
3.502e+24
2.4576e+24
1.446e+24
7.78e+23
