6.74e+24
1.2247e+25
1.9208e+25
2.594e+25
3.274e+25
3.892e+25
4.374e+25
4.694e+25
4.83e+25
4.808e+25
4.632e+25
4.366e+25
4.024e+25
3.646e+25
3.256e+25
2.87e+25
2.518e+25
2.198e+25
1.922e+25
1.684e+25
1.48e+25
1.304e+25
1.1572e+25
1.0344e+25
9.32e+24
8.48e+24
7.782e+24
7.194e+24
6.7e+24
6.29e+24
5.95e+24
5.672e+24
5.444e+24
5.264e+24
5.126e+24
5.032e+24
4.976e+24
4.958e+24
4.976e+24
5.032e+24
5.126e+24
5.264e+24
5.444e+24
5.672e+24
5.95e+24
6.29e+24
6.7e+24
7.194e+24
7.782e+24
8.48e+24
9.32e+24
1.0344e+25
1.1572e+25
1.304e+25
1.48e+25
1.684e+25
1.922e+25
2.198e+25
2.518e+25
2.87e+25
3.256e+25
3.646e+25
4.024e+25
4.366e+25
4.632e+25
4.808e+25
4.83e+25
4.694e+25
4.374e+25
3.892e+25
3.274e+25
2.594e+25
1.9208e+25
1.2247e+25
6.74e+24
