2.45e+25
4.2433e+25
6.264e+25
8.114e+25
9.772e+25
1.1018e+26
1.168e+26
1.176e+26
1.1304e+26
1.0492e+26
9.36e+25
8.188e+25
6.996e+25
5.876e+25
4.874e+25
3.998e+25
3.272e+25
2.676e+25
2.208e+25
1.832e+25
1.534e+25
1.298e+25
1.1102e+25
9.61e+24
8.436e+24
7.506e+24
6.76e+24
6.154e+24
5.658e+24
5.252e+24
4.92e+24
4.648e+24
4.428e+24
4.256e+24
4.126e+24
4.034e+24
3.982e+24
3.966e+24
3.982e+24
4.034e+24
4.126e+24
4.256e+24
4.428e+24
4.648e+24
4.92e+24
5.252e+24
5.658e+24
6.154e+24
6.76e+24
7.506e+24
8.436e+24
9.61e+24
1.1102e+25
1.298e+25
1.534e+25
1.832e+25
2.208e+25
2.676e+25
3.272e+25
3.998e+25
4.874e+25
5.876e+25
6.996e+25
8.188e+25
9.36e+25
1.0492e+26
1.1304e+26
1.176e+26
1.168e+26
1.1018e+26
9.772e+25
8.114e+25
6.264e+25
4.2433e+25
2.45e+25
