84.9
166.03
302.18
453.14
642.27
868.68
1128.6
1420.9
1742.7
2095.2
2473.9
2869.3
3279.1
3696.8
4125.4
4557
4996.3
5428.4
5847.2
6245.3
6629.6
7001.8
7364.6
7714.5
8045
8345.4
8623.2
8880.1
9125.2
9348.9
9547.1
9702.7
9822.9
9910.9
9984.4
10044
10088
10102
10088
10044
9984.4
9910.9
9822.9
9702.7
9547.1
9348.9
9125.2
8880.1
8623.2
8345.4
8045
7714.5
7364.6
7001.8
6629.6
6245.3
5847.2
5428.4
4996.3
4557
4125.4
3696.8
3279.1
2869.3
2473.9
2095.2
1742.7
1420.9
1128.6
868.68
642.27
453.14
302.18
166.03
84.9
