1.14e+25
2.0367e+25
3.126e+25
4.158e+25
5.154e+25
6.006e+25
6.596e+25
6.91e+25
6.926e+25
6.712e+25
6.278e+25
5.752e+25
5.148e+25
4.528e+25
3.932e+25
3.37e+25
2.88e+25
2.45e+25
2.096e+25
1.796e+25
1.548e+25
1.342e+25
1.172e+25
1.0328e+25
9.212e+24
8.294e+24
7.536e+24
6.916e+24
6.4e+24
5.974e+24
5.624e+24
5.338e+24
5.106e+24
4.922e+24
4.782e+24
4.686e+24
4.628e+24
4.608e+24
4.628e+24
4.686e+24
4.782e+24
4.922e+24
5.106e+24
5.338e+24
5.624e+24
5.974e+24
6.4e+24
6.916e+24
7.536e+24
8.294e+24
9.212e+24
1.0328e+25
1.172e+25
1.342e+25
1.548e+25
1.796e+25
2.096e+25
2.45e+25
2.88e+25
3.37e+25
3.932e+25
4.528e+25
5.148e+25
5.752e+25
6.278e+25
6.712e+25
6.926e+25
6.91e+25
6.596e+25
6.006e+25
5.154e+25
4.158e+25
3.126e+25
2.0367e+25
1.14e+25
