2.08e+25
3.63e+25
5.406e+25
7.05e+25
8.542e+25
9.708e+25
1.0376e+26
1.0544e+26
1.0226e+26
9.588e+25
8.642e+25
7.638e+25
6.59e+25
5.592e+25
4.686e+25
3.88e+25
3.206e+25
2.644e+25
2.198e+25
1.836e+25
1.546e+25
1.3138e+25
1.1278e+25
9.802e+24
8.622e+24
7.684e+24
6.93e+24
6.316e+24
5.814e+24
5.402e+24
5.064e+24
4.79e+24
4.568e+24
4.392e+24
4.26e+24
4.168e+24
4.114e+24
4.096e+24
4.114e+24
4.168e+24
4.26e+24
4.392e+24
4.568e+24
4.79e+24
5.064e+24
5.402e+24
5.814e+24
6.316e+24
6.93e+24
7.684e+24
8.622e+24
9.802e+24
1.1278e+25
1.3138e+25
1.546e+25
1.836e+25
2.198e+25
2.644e+25
3.206e+25
3.88e+25
4.686e+25
5.592e+25
6.59e+25
7.638e+25
8.642e+25
9.588e+25
1.0226e+26
1.0544e+26
1.0376e+26
9.708e+25
8.542e+25
7.05e+25
5.406e+25
3.63e+25
2.08e+25
