4.67e-05
9.1333e-05
0.0001662
0.00024926
0.0003532
0.0004776
0.0006206
0.000782
0.0009596
0.001153
0.0013618
0.00158
0.001804
0.002034
0.00227
0.002506
0.002746
0.002984
0.003214
0.003432
0.003644
0.00385
0.00405
0.004242
0.004424
0.00459
0.004742
0.004882
0.005016
0.00514
0.005248
0.005334
0.0054
0.005448
0.005488
0.00552
0.005544
0.005552
0.005544
0.00552
0.005488
0.005448
0.0054
0.005334
0.005248
0.00514
0.005016
0.004882
0.004742
0.00459
0.004424
0.004242
0.00405
0.00385
0.003644
0.003432
0.003214
0.002984
0.002746
0.002506
0.00227
0.002034
0.001804
0.00158
0.0013618
0.001153
0.0009596
0.000782
0.0006206
0.0004776
0.0003532
0.00024926
0.0001662
9.1333e-05
4.67e-05
