1.5444e+08
3.0197e+08
5.4957e+08
8.2413e+08
1.1681e+09
1.5799e+09
2.0525e+09
2.5842e+09
3.1695e+09
3.8105e+09
4.4992e+09
5.2184e+09
5.9636e+09
6.7234e+09
7.5028e+09
8.2877e+09
9.0866e+09
9.8725e+09
1.0634e+10
1.1358e+10
1.2057e+10
1.2734e+10
1.3394e+10
1.403e+10
1.4631e+10
1.5178e+10
1.5683e+10
1.615e+10
1.6596e+10
1.7003e+10
1.7363e+10
1.7646e+10
1.7865e+10
1.8025e+10
1.8158e+10
1.8266e+10
1.8347e+10
1.8373e+10
1.8347e+10
1.8266e+10
1.8158e+10
1.8025e+10
1.7865e+10
1.7646e+10
1.7363e+10
1.7003e+10
1.6596e+10
1.615e+10
1.5683e+10
1.5178e+10
1.4631e+10
1.403e+10
1.3394e+10
1.2734e+10
1.2057e+10
1.1358e+10
1.0634e+10
9.8725e+09
9.0866e+09
8.2877e+09
7.5028e+09
6.7234e+09
5.9636e+09
5.2184e+09
4.4992e+09
3.8105e+09
3.1695e+09
2.5842e+09
2.0525e+09
1.5799e+09
1.1681e+09
8.2413e+08
5.4957e+08
3.0197e+08
1.5444e+08
