4.83e+24
8.8267e+24
1.4056e+25
1.917e+25
2.446e+25
2.944e+25
3.354e+25
3.652e+25
3.816e+25
3.858e+25
3.78e+25
3.622e+25
3.396e+25
3.128e+25
2.842e+25
2.548e+25
2.27e+25
2.012e+25
1.786e+25
1.584e+25
1.408e+25
1.2546e+25
1.1236e+25
1.012e+25
9.198e+24
8.43e+24
7.786e+24
7.244e+24
6.788e+24
6.41e+24
6.096e+24
5.838e+24
5.63e+24
5.464e+24
5.336e+24
5.248e+24
5.196e+24
5.178e+24
5.196e+24
5.248e+24
5.336e+24
5.464e+24
5.63e+24
5.838e+24
6.096e+24
6.41e+24
6.788e+24
7.244e+24
7.786e+24
8.43e+24
9.198e+24
1.012e+25
1.1236e+25
1.2546e+25
1.408e+25
1.584e+25
1.786e+25
2.012e+25
2.27e+25
2.548e+25
2.842e+25
3.128e+25
3.396e+25
3.622e+25
3.78e+25
3.858e+25
3.816e+25
3.652e+25
3.354e+25
2.944e+25
2.446e+25
1.917e+25
1.4056e+25
8.8267e+24
4.83e+24
