2.57e-11
5.02e-11
9.132e-11
1.3698e-10
1.9422e-10
2.626e-10
3.412e-10
4.296e-10
5.268e-10
6.334e-10
7.48e-10
8.668e-10
9.898e-10
1.1158e-09
1.2448e-09
1.376e-09
1.51e-09
1.642e-09
1.768e-09
1.888e-09
2.004e-09
2.116e-09
2.226e-09
2.332e-09
2.432e-09
2.522e-09
2.606e-09
2.682e-09
2.756e-09
2.824e-09
2.884e-09
2.932e-09
2.97e-09
2.998e-09
3.02e-09
3.038e-09
3.05e-09
3.054e-09
3.05e-09
3.038e-09
3.02e-09
2.998e-09
2.97e-09
2.932e-09
2.884e-09
2.824e-09
2.756e-09
2.682e-09
2.606e-09
2.522e-09
2.432e-09
2.332e-09
2.226e-09
2.116e-09
2.004e-09
1.888e-09
1.768e-09
1.642e-09
1.51e-09
1.376e-09
1.2448e-09
1.1158e-09
9.898e-10
8.668e-10
7.48e-10
6.334e-10
5.268e-10
4.296e-10
3.412e-10
2.626e-10
1.9422e-10
1.3698e-10
9.132e-11
5.02e-11
2.57e-11
