3.39e+24
6.26e+24
1.0116e+25
1.3918e+25
1.7962e+25
2.188e+25
2.53e+25
2.794e+25
2.968e+25
3.05e+25
3.04e+25
2.962e+25
2.824e+25
2.644e+25
2.44e+25
2.222e+25
2.006e+25
1.802e+25
1.616e+25
1.446e+25
1.296e+25
1.1622e+25
1.0466e+25
9.478e+24
8.652e+24
7.952e+24
7.364e+24
6.868e+24
6.45e+24
6.106e+24
5.82e+24
5.588e+24
5.4e+24
5.25e+24
5.136e+24
5.054e+24
5.008e+24
4.992e+24
5.008e+24
5.054e+24
5.136e+24
5.25e+24
5.4e+24
5.588e+24
5.82e+24
6.106e+24
6.45e+24
6.868e+24
7.364e+24
7.952e+24
8.652e+24
9.478e+24
1.0466e+25
1.1622e+25
1.296e+25
1.446e+25
1.616e+25
1.802e+25
2.006e+25
2.222e+25
2.44e+25
2.644e+25
2.824e+25
2.962e+25
3.04e+25
3.05e+25
2.968e+25
2.794e+25
2.53e+25
2.188e+25
1.7962e+25
1.3918e+25
1.0116e+25
6.26e+24
3.39e+24
