2.97e+23
5.5533e+23
9.692e+23
1.4078e+24
1.9226e+24
2.496e+24
3.086e+24
3.674e+24
4.226e+24
4.736e+24
5.176e+24
5.528e+24
5.788e+24
5.956e+24
6.05e+24
6.06e+24
6.02e+24
5.922e+24
5.78e+24
5.594e+24
5.388e+24
5.174e+24
4.95e+24
4.726e+24
4.5e+24
4.276e+24
4.06e+24
3.86e+24
3.684e+24
3.526e+24
3.386e+24
3.262e+24
3.156e+24
3.068e+24
3.004e+24
2.962e+24
2.94e+24
2.932e+24
2.94e+24
2.962e+24
3.004e+24
3.068e+24
3.156e+24
3.262e+24
3.386e+24
3.526e+24
3.684e+24
3.86e+24
4.06e+24
4.276e+24
4.5e+24
4.726e+24
4.95e+24
5.174e+24
5.388e+24
5.594e+24
5.78e+24
5.922e+24
6.02e+24
6.06e+24
6.05e+24
5.956e+24
5.788e+24
5.528e+24
5.176e+24
4.736e+24
4.226e+24
3.674e+24
3.086e+24
2.496e+24
1.9226e+24
1.4078e+24
9.692e+23
5.5533e+23
2.97e+23
