7.94e+23
1.4713e+24
2.5048e+24
3.576e+24
4.798e+24
6.104e+24
7.376e+24
8.568e+24
9.598e+24
1.0448e+25
1.1046e+25
1.144e+25
1.16e+25
1.154e+25
1.132e+25
1.096e+25
1.05e+25
9.952e+24
9.372e+24
8.75e+24
8.134e+24
7.53e+24
6.952e+24
6.41e+24
5.91e+24
5.452e+24
5.034e+24
4.664e+24
4.346e+24
4.07e+24
3.828e+24
3.626e+24
3.46e+24
3.324e+24
3.22e+24
3.152e+24
3.114e+24
3.1e+24
3.114e+24
3.152e+24
3.22e+24
3.324e+24
3.46e+24
3.626e+24
3.828e+24
4.07e+24
4.346e+24
4.664e+24
5.034e+24
5.452e+24
5.91e+24
6.41e+24
6.952e+24
7.53e+24
8.134e+24
8.75e+24
9.372e+24
9.952e+24
1.05e+25
1.096e+25
1.132e+25
1.154e+25
1.16e+25
1.144e+25
1.1046e+25
1.0448e+25
9.598e+24
8.568e+24
7.376e+24
6.104e+24
4.798e+24
3.576e+24
2.5048e+24
1.4713e+24
7.94e+23
