2.81e+14
5.4933e+14
9.996e+14
1.4994e+15
2.1252e+15
2.874e+15
3.734e+15
4.702e+15
5.766e+15
6.932e+15
8.19e+15
9.5e+15
1.0852e+16
1.2232e+16
1.364e+16
1.506e+16
1.652e+16
1.796e+16
1.934e+16
2.066e+16
2.194e+16
2.316e+16
2.436e+16
2.552e+16
2.662e+16
2.76e+16
2.852e+16
2.936e+16
3.018e+16
3.092e+16
3.158e+16
3.21e+16
3.25e+16
3.278e+16
3.302e+16
3.322e+16
3.336e+16
3.34e+16
3.336e+16
3.322e+16
3.302e+16
3.278e+16
3.25e+16
3.21e+16
3.158e+16
3.092e+16
3.018e+16
2.936e+16
2.852e+16
2.76e+16
2.662e+16
2.552e+16
2.436e+16
2.316e+16
2.194e+16
2.066e+16
1.934e+16
1.796e+16
1.652e+16
1.506e+16
1.364e+16
1.2232e+16
1.0852e+16
9.5e+15
8.19e+15
6.932e+15
5.766e+15
4.702e+15
3.734e+15
2.874e+15
2.1252e+15
1.4994e+15
9.996e+14
5.4933e+14
2.81e+14
