4.3e+20
8.3867e+20
1.5272e+21
2.2912e+21
3.246e+21
4.39e+21
5.702e+21
7.17e+21
8.78e+21
1.0552e+22
1.2464e+22
1.444e+22
1.65e+22
1.86e+22
2.074e+22
2.288e+22
2.508e+22
2.722e+22
2.93e+22
3.128e+22
3.318e+22
3.502e+22
3.682e+22
3.854e+22
4.016e+22
4.164e+22
4.3e+22
4.424e+22
4.544e+22
4.652e+22
4.748e+22
4.822e+22
4.882e+22
4.924e+22
4.96e+22
4.988e+22
5.01e+22
5.016e+22
5.01e+22
4.988e+22
4.96e+22
4.924e+22
4.882e+22
4.822e+22
4.748e+22
4.652e+22
4.544e+22
4.424e+22
4.3e+22
4.164e+22
4.016e+22
3.854e+22
3.682e+22
3.502e+22
3.318e+22
3.128e+22
2.93e+22
2.722e+22
2.508e+22
2.288e+22
2.074e+22
1.86e+22
1.65e+22
1.444e+22
1.2464e+22
1.0552e+22
8.78e+21
7.17e+21
5.702e+21
4.39e+21
3.246e+21
2.2912e+21
1.5272e+21
8.3867e+20
4.3e+20
