2.46e+25
4.2667e+25
6.306e+25
8.174e+25
9.848e+25
1.1106e+26
1.178e+26
1.186e+26
1.1396e+26
1.0574e+26
9.432e+25
8.242e+25
7.03e+25
5.896e+25
4.88e+25
3.986e+25
3.25e+25
2.646e+25
2.17e+25
1.788e+25
1.488e+25
1.2504e+25
1.0614e+25
9.138e+24
7.986e+24
7.086e+24
6.372e+24
5.8e+24
5.338e+24
4.966e+24
4.664e+24
4.422e+24
4.23e+24
4.078e+24
3.964e+24
3.884e+24
3.838e+24
3.822e+24
3.838e+24
3.884e+24
3.964e+24
4.078e+24
4.23e+24
4.422e+24
4.664e+24
4.966e+24
5.338e+24
5.8e+24
6.372e+24
7.086e+24
7.986e+24
9.138e+24
1.0614e+25
1.2504e+25
1.488e+25
1.788e+25
2.17e+25
2.646e+25
3.25e+25
3.986e+25
4.88e+25
5.896e+25
7.03e+25
8.242e+25
9.432e+25
1.0574e+26
1.1396e+26
1.186e+26
1.178e+26
1.1106e+26
9.848e+25
8.174e+25
6.306e+25
4.2667e+25
2.46e+25
