1.49e+24
2.78e+24
4.654e+24
6.556e+24
8.67e+24
1.0866e+25
1.2924e+25
1.474e+25
1.618e+25
1.722e+25
1.778e+25
1.794e+25
1.774e+25
1.722e+25
1.644e+25
1.548e+25
1.444e+25
1.332e+25
1.222e+25
1.1152e+25
1.0126e+25
9.162e+24
8.282e+24
7.48e+24
6.78e+24
6.174e+24
5.642e+24
5.178e+24
4.786e+24
4.458e+24
4.178e+24
3.95e+24
3.77e+24
3.622e+24
3.508e+24
3.428e+24
3.382e+24
3.364e+24
3.382e+24
3.428e+24
3.508e+24
3.622e+24
3.77e+24
3.95e+24
4.178e+24
4.458e+24
4.786e+24
5.178e+24
5.642e+24
6.174e+24
6.78e+24
7.48e+24
8.282e+24
9.162e+24
1.0126e+25
1.1152e+25
1.222e+25
1.332e+25
1.444e+25
1.548e+25
1.644e+25
1.722e+25
1.774e+25
1.794e+25
1.778e+25
1.722e+25
1.618e+25
1.474e+25
1.2924e+25
1.0866e+25
8.67e+24
6.556e+24
4.654e+24
2.78e+24
1.49e+24
