2.35e+24
4.37e+24
7.18e+24
9.97e+24
1.3026e+25
1.6078e+25
1.884e+25
2.112e+25
2.278e+25
2.378e+25
2.408e+25
2.386e+25
2.312e+25
2.202e+25
2.062e+25
1.906e+25
1.742e+25
1.582e+25
1.43e+25
1.288e+25
1.1582e+25
1.0402e+25
9.352e+24
8.438e+24
7.668e+24
7.008e+24
6.446e+24
5.97e+24
5.566e+24
5.238e+24
4.964e+24
4.744e+24
4.566e+24
4.426e+24
4.318e+24
4.242e+24
4.198e+24
4.184e+24
4.198e+24
4.242e+24
4.318e+24
4.426e+24
4.566e+24
4.744e+24
4.964e+24
5.238e+24
5.566e+24
5.97e+24
6.446e+24
7.008e+24
7.668e+24
8.438e+24
9.352e+24
1.0402e+25
1.1582e+25
1.288e+25
1.43e+25
1.582e+25
1.742e+25
1.906e+25
2.062e+25
2.202e+25
2.312e+25
2.386e+25
2.408e+25
2.378e+25
2.278e+25
2.112e+25
1.884e+25
1.6078e+25
1.3026e+25
9.97e+24
7.18e+24
4.37e+24
2.35e+24
