6.7e+24
1.2167e+25
1.906e+25
2.574e+25
3.246e+25
3.86e+25
4.336e+25
4.656e+25
4.792e+25
4.772e+25
4.596e+25
4.334e+25
3.996e+25
3.62e+25
3.236e+25
2.854e+25
2.506e+25
2.188e+25
1.916e+25
1.678e+25
1.476e+25
1.302e+25
1.155e+25
1.0322e+25
9.322e+24
8.488e+24
7.798e+24
7.222e+24
6.74e+24
6.34e+24
6.01e+24
5.742e+24
5.522e+24
5.35e+24
5.216e+24
5.124e+24
5.068e+24
5.052e+24
5.068e+24
5.124e+24
5.216e+24
5.35e+24
5.522e+24
5.742e+24
6.01e+24
6.34e+24
6.74e+24
7.222e+24
7.798e+24
8.488e+24
9.322e+24
1.0322e+25
1.155e+25
1.302e+25
1.476e+25
1.678e+25
1.916e+25
2.188e+25
2.506e+25
2.854e+25
3.236e+25
3.62e+25
3.996e+25
4.334e+25
4.596e+25
4.772e+25
4.792e+25
4.656e+25
4.336e+25
3.86e+25
3.246e+25
2.574e+25
1.906e+25
1.2167e+25
6.7e+24
