1.15e+25
2.0533e+25
3.142e+25
4.178e+25
5.172e+25
6.028e+25
6.614e+25
6.928e+25
6.938e+25
6.724e+25
6.282e+25
5.754e+25
5.146e+25
4.522e+25
3.924e+25
3.356e+25
2.864e+25
2.43e+25
2.074e+25
1.772e+25
1.522e+25
1.3168e+25
1.1466e+25
1.0094e+25
8.982e+24
8.092e+24
7.358e+24
6.756e+24
6.262e+24
5.856e+24
5.526e+24
5.258e+24
5.042e+24
4.872e+24
4.744e+24
4.654e+24
4.602e+24
4.586e+24
4.602e+24
4.654e+24
4.744e+24
4.872e+24
5.042e+24
5.258e+24
5.526e+24
5.856e+24
6.262e+24
6.756e+24
7.358e+24
8.092e+24
8.982e+24
1.0094e+25
1.1466e+25
1.3168e+25
1.522e+25
1.772e+25
2.074e+25
2.43e+25
2.864e+25
3.356e+25
3.924e+25
4.522e+25
5.146e+25
5.754e+25
6.282e+25
6.724e+25
6.938e+25
6.928e+25
6.614e+25
6.028e+25
5.172e+25
4.178e+25
3.142e+25
2.0533e+25
1.15e+25
