2.85e+25
4.91e+25
7.21e+25
9.3e+25
1.1154e+26
1.2484e+26
1.314e+26
1.312e+26
1.25e+26
1.148e+26
1.0146e+26
8.786e+25
7.42e+25
6.158e+25
5.046e+25
4.086e+25
3.3e+25
2.666e+25
2.17e+25
1.778e+25
1.472e+25
1.2306e+25
1.042e+25
8.95e+24
7.804e+24
6.914e+24
6.208e+24
5.646e+24
5.192e+24
4.828e+24
4.532e+24
4.296e+24
4.106e+24
3.956e+24
3.844e+24
3.766e+24
3.72e+24
3.704e+24
3.72e+24
3.766e+24
3.844e+24
3.956e+24
4.106e+24
4.296e+24
4.532e+24
4.828e+24
5.192e+24
5.646e+24
6.208e+24
6.914e+24
7.804e+24
8.95e+24
1.042e+25
1.2306e+25
1.472e+25
1.778e+25
2.17e+25
2.666e+25
3.3e+25
4.086e+25
5.046e+25
6.158e+25
7.42e+25
8.786e+25
1.0146e+26
1.148e+26
1.25e+26
1.312e+26
1.314e+26
1.2484e+26
1.1154e+26
9.3e+25
7.21e+25
4.91e+25
2.85e+25
