1.44e+25
2.55e+25
3.86e+25
5.094e+25
6.256e+25
7.224e+25
7.846e+25
8.13e+25
8.048e+25
7.708e+25
7.106e+25
6.428e+25
5.672e+25
4.92e+25
4.212e+25
3.556e+25
2.998e+25
2.512e+25
2.118e+25
1.792e+25
1.524e+25
1.3056e+25
1.1278e+25
9.868e+24
8.72e+24
7.814e+24
7.078e+24
6.48e+24
5.992e+24
5.592e+24
5.27e+24
5.008e+24
4.798e+24
4.634e+24
4.51e+24
4.422e+24
4.372e+24
4.356e+24
4.372e+24
4.422e+24
4.51e+24
4.634e+24
4.798e+24
5.008e+24
5.27e+24
5.592e+24
5.992e+24
6.48e+24
7.078e+24
7.814e+24
8.72e+24
9.868e+24
1.1278e+25
1.3056e+25
1.524e+25
1.792e+25
2.118e+25
2.512e+25
2.998e+25
3.556e+25
4.212e+25
4.92e+25
5.672e+25
6.428e+25
7.106e+25
7.708e+25
8.048e+25
8.13e+25
7.846e+25
7.224e+25
6.256e+25
5.094e+25
3.86e+25
2.55e+25
1.44e+25
