1.76e+25
3.09e+25
4.632e+25
6.072e+25
7.404e+25
8.468e+25
9.116e+25
9.35e+25
9.158e+25
8.672e+25
7.908e+25
7.07e+25
6.164e+25
5.28e+25
4.466e+25
3.724e+25
3.1e+25
2.568e+25
2.144e+25
1.794e+25
1.514e+25
1.2882e+25
1.1048e+25
9.604e+24
8.46e+24
7.542e+24
6.81e+24
6.22e+24
5.74e+24
5.352e+24
5.036e+24
4.782e+24
4.578e+24
4.418e+24
4.296e+24
4.214e+24
4.164e+24
4.148e+24
4.164e+24
4.214e+24
4.296e+24
4.418e+24
4.578e+24
4.782e+24
5.036e+24
5.352e+24
5.74e+24
6.22e+24
6.81e+24
7.542e+24
8.46e+24
9.604e+24
1.1048e+25
1.2882e+25
1.514e+25
1.794e+25
2.144e+25
2.568e+25
3.1e+25
3.724e+25
4.466e+25
5.28e+25
6.164e+25
7.07e+25
7.908e+25
8.672e+25
9.158e+25
9.35e+25
9.116e+25
8.468e+25
7.404e+25
6.072e+25
4.632e+25
3.09e+25
1.76e+25
