5.68e+22
1.0853e+23
1.9332e+23
2.8596e+23
3.984e+23
5.286e+23
6.708e+23
8.226e+23
9.786e+23
1.1384e+24
1.2962e+24
1.444e+24
1.582e+24
1.708e+24
1.822e+24
1.92e+24
2.01e+24
2.082e+24
2.138e+24
2.176e+24
2.202e+24
2.218e+24
2.228e+24
2.23e+24
2.226e+24
2.214e+24
2.198e+24
2.18e+24
2.164e+24
2.148e+24
2.132e+24
2.114e+24
2.096e+24
2.078e+24
2.066e+24
2.06e+24
2.058e+24
2.056e+24
2.058e+24
2.06e+24
2.066e+24
2.078e+24
2.096e+24
2.114e+24
2.132e+24
2.148e+24
2.164e+24
2.18e+24
2.198e+24
2.214e+24
2.226e+24
2.23e+24
2.228e+24
2.218e+24
2.202e+24
2.176e+24
2.138e+24
2.082e+24
2.01e+24
1.92e+24
1.822e+24
1.708e+24
1.582e+24
1.444e+24
1.2962e+24
1.1384e+24
9.786e+23
8.226e+23
6.708e+23
5.286e+23
3.984e+23
2.8596e+23
1.9332e+23
1.0853e+23
5.68e+22
