8.95e+24
1.6083e+25
2.489e+25
3.334e+25
4.164e+25
4.9e+25
5.436e+25
5.762e+25
5.846e+25
5.742e+25
5.442e+25
5.054e+25
4.586e+25
4.088e+25
3.596e+25
3.122e+25
2.702e+25
2.324e+25
2.008e+25
1.738e+25
1.51e+25
1.318e+25
1.1584e+25
1.0284e+25
9.206e+24
8.33e+24
7.618e+24
7.024e+24
6.53e+24
6.122e+24
5.788e+24
5.516e+24
5.296e+24
5.122e+24
4.99e+24
4.9e+24
4.846e+24
4.828e+24
4.846e+24
4.9e+24
4.99e+24
5.122e+24
5.296e+24
5.516e+24
5.788e+24
6.122e+24
6.53e+24
7.024e+24
7.618e+24
8.33e+24
9.206e+24
1.0284e+25
1.1584e+25
1.318e+25
1.51e+25
1.738e+25
2.008e+25
2.324e+25
2.702e+25
3.122e+25
3.596e+25
4.088e+25
4.586e+25
5.054e+25
5.442e+25
5.742e+25
5.846e+25
5.762e+25
5.436e+25
4.9e+25
4.164e+25
3.334e+25
2.489e+25
1.6083e+25
8.95e+24
