2.1e+25
3.6633e+25
5.446e+25
7.106e+25
8.614e+25
9.788e+25
1.0448e+26
1.0618e+26
1.029e+26
9.638e+25
8.678e+25
7.674e+25
6.614e+25
5.604e+25
4.688e+25
3.868e+25
3.186e+25
2.614e+25
2.162e+25
1.794e+25
1.502e+25
1.269e+25
1.0824e+25
9.35e+24
8.198e+24
7.294e+24
6.57e+24
5.99e+24
5.518e+24
5.138e+24
4.832e+24
4.584e+24
4.386e+24
4.232e+24
4.114e+24
4.032e+24
3.984e+24
3.968e+24
3.984e+24
4.032e+24
4.114e+24
4.232e+24
4.386e+24
4.584e+24
4.832e+24
5.138e+24
5.518e+24
5.99e+24
6.57e+24
7.294e+24
8.198e+24
9.35e+24
1.0824e+25
1.269e+25
1.502e+25
1.794e+25
2.162e+25
2.614e+25
3.186e+25
3.868e+25
4.688e+25
5.604e+25
6.614e+25
7.674e+25
8.678e+25
9.638e+25
1.029e+26
1.0618e+26
1.0448e+26
9.788e+25
8.614e+25
7.106e+25
5.446e+25
3.6633e+25
2.1e+25
