2.48e+25
4.29e+25
6.328e+25
8.212e+25
9.904e+25
1.1174e+26
1.184e+26
1.194e+26
1.147e+26
1.0638e+26
9.486e+25
8.3e+25
7.072e+25
5.922e+25
4.892e+25
3.982e+25
3.236e+25
2.62e+25
2.136e+25
1.748e+25
1.444e+25
1.2028e+25
1.0126e+25
8.664e+24
7.532e+24
6.658e+24
5.972e+24
5.432e+24
5.002e+24
4.662e+24
4.392e+24
4.18e+24
4.012e+24
3.882e+24
3.784e+24
3.716e+24
3.676e+24
3.664e+24
3.676e+24
3.716e+24
3.784e+24
3.882e+24
4.012e+24
4.18e+24
4.392e+24
4.662e+24
5.002e+24
5.432e+24
5.972e+24
6.658e+24
7.532e+24
8.664e+24
1.0126e+25
1.2028e+25
1.444e+25
1.748e+25
2.136e+25
2.62e+25
3.236e+25
3.982e+25
4.892e+25
5.922e+25
7.072e+25
8.3e+25
9.486e+25
1.0638e+26
1.147e+26
1.194e+26
1.184e+26
1.1174e+26
9.904e+25
8.212e+25
6.328e+25
4.29e+25
2.48e+25
