1.16e+19
2.26e+19
4.158e+19
6.286e+19
8.976e+19
1.2242e+20
1.6022e+20
2.032e+20
2.51e+20
3.04e+20
3.616e+20
4.224e+20
4.862e+20
5.52e+20
6.208e+20
6.91e+20
7.636e+20
8.36e+20
9.068e+20
9.76e+20
1.0424e+21
1.108e+21
1.174e+21
1.238e+21
1.298e+21
1.356e+21
1.41e+21
1.46e+21
1.51e+21
1.556e+21
1.596e+21
1.628e+21
1.652e+21
1.67e+21
1.686e+21
1.698e+21
1.708e+21
1.712e+21
1.708e+21
1.698e+21
1.686e+21
1.67e+21
1.652e+21
1.628e+21
1.596e+21
1.556e+21
1.51e+21
1.46e+21
1.41e+21
1.356e+21
1.298e+21
1.238e+21
1.174e+21
1.108e+21
1.0424e+21
9.76e+20
9.068e+20
8.36e+20
7.636e+20
6.91e+20
6.208e+20
5.52e+20
4.862e+20
4.224e+20
3.616e+20
3.04e+20
2.51e+20
2.032e+20
1.6022e+20
1.2242e+20
8.976e+19
6.286e+19
4.158e+19
2.26e+19
1.16e+19
