2.32e+24
4.3233e+24
7.116e+24
9.892e+24
1.2936e+25
1.5982e+25
1.876e+25
2.104e+25
2.272e+25
2.374e+25
2.406e+25
2.384e+25
2.312e+25
2.202e+25
2.064e+25
1.908e+25
1.746e+25
1.586e+25
1.434e+25
1.29e+25
1.1596e+25
1.0384e+25
9.318e+24
8.384e+24
7.59e+24
6.91e+24
6.33e+24
5.838e+24
5.42e+24
5.078e+24
4.792e+24
4.562e+24
4.378e+24
4.232e+24
4.12e+24
4.04e+24
3.994e+24
3.978e+24
3.994e+24
4.04e+24
4.12e+24
4.232e+24
4.378e+24
4.562e+24
4.792e+24
5.078e+24
5.42e+24
5.838e+24
6.33e+24
6.91e+24
7.59e+24
8.384e+24
9.318e+24
1.0384e+25
1.1596e+25
1.29e+25
1.434e+25
1.586e+25
1.746e+25
1.908e+25
2.064e+25
2.202e+25
2.312e+25
2.384e+25
2.406e+25
2.374e+25
2.272e+25
2.104e+25
1.876e+25
1.5982e+25
1.2936e+25
9.892e+24
7.116e+24
4.3233e+24
2.32e+24
