2.13e+25
3.7133e+25
5.504e+25
7.178e+25
8.68e+25
9.856e+25
1.0504e+26
1.0672e+26
1.0332e+26
9.686e+25
8.714e+25
7.706e+25
6.634e+25
5.61e+25
4.682e+25
3.848e+25
3.162e+25
2.58e+25
2.124e+25
1.754e+25
1.459e+25
1.2252e+25
1.0384e+25
8.932e+24
7.79e+24
6.91e+24
6.214e+24
5.662e+24
5.222e+24
4.87e+24
4.592e+24
4.372e+24
4.198e+24
4.064e+24
3.962e+24
3.892e+24
3.85e+24
3.838e+24
3.85e+24
3.892e+24
3.962e+24
4.064e+24
4.198e+24
4.372e+24
4.592e+24
4.87e+24
5.222e+24
5.662e+24
6.214e+24
6.91e+24
7.79e+24
8.932e+24
1.0384e+25
1.2252e+25
1.459e+25
1.754e+25
2.124e+25
2.58e+25
3.162e+25
3.848e+25
4.682e+25
5.61e+25
6.634e+25
7.706e+25
8.714e+25
9.686e+25
1.0332e+26
1.0672e+26
1.0504e+26
9.856e+25
8.68e+25
7.178e+25
5.504e+25
3.7133e+25
2.13e+25
