6.64e+24
1.2047e+25
1.8848e+25
2.544e+25
3.206e+25
3.814e+25
4.278e+25
4.594e+25
4.726e+25
4.708e+25
4.532e+25
4.278e+25
3.946e+25
3.578e+25
3.204e+25
2.828e+25
2.488e+25
2.176e+25
1.91e+25
1.676e+25
1.478e+25
1.308e+25
1.164e+25
1.0444e+25
9.458e+24
8.64e+24
7.97e+24
7.404e+24
6.932e+24
6.54e+24
6.218e+24
5.954e+24
5.74e+24
5.57e+24
5.44e+24
5.348e+24
5.294e+24
5.276e+24
5.294e+24
5.348e+24
5.44e+24
5.57e+24
5.74e+24
5.954e+24
6.218e+24
6.54e+24
6.932e+24
7.404e+24
7.97e+24
8.64e+24
9.458e+24
1.0444e+25
1.164e+25
1.308e+25
1.478e+25
1.676e+25
1.91e+25
2.176e+25
2.488e+25
2.828e+25
3.204e+25
3.578e+25
3.946e+25
4.278e+25
4.532e+25
4.708e+25
4.726e+25
4.594e+25
4.278e+25
3.814e+25
3.206e+25
2.544e+25
1.8848e+25
1.2047e+25
6.64e+24
