1.8e+25
3.15e+25
4.696e+25
6.15e+25
7.48e+25
8.562e+25
9.196e+25
9.428e+25
9.216e+25
8.726e+25
7.928e+25
7.084e+25
6.166e+25
5.272e+25
4.454e+25
3.7e+25
3.076e+25
2.534e+25
2.108e+25
1.756e+25
1.472e+25
1.2464e+25
1.0638e+25
9.224e+24
8.08e+24
7.206e+24
6.504e+24
5.942e+24
5.494e+24
5.132e+24
4.844e+24
4.614e+24
4.432e+24
4.29e+24
4.184e+24
4.112e+24
4.068e+24
4.054e+24
4.068e+24
4.112e+24
4.184e+24
4.29e+24
4.432e+24
4.614e+24
4.844e+24
5.132e+24
5.494e+24
5.942e+24
6.504e+24
7.206e+24
8.08e+24
9.224e+24
1.0638e+25
1.2464e+25
1.472e+25
1.756e+25
2.108e+25
2.534e+25
3.076e+25
3.7e+25
4.454e+25
5.272e+25
6.166e+25
7.084e+25
7.928e+25
8.726e+25
9.216e+25
9.428e+25
9.196e+25
8.562e+25
7.48e+25
6.15e+25
4.696e+25
3.15e+25
1.8e+25
