4.69e+24
8.5967e+24
1.3658e+25
1.862e+25
2.376e+25
2.86e+25
3.26e+25
3.552e+25
3.714e+25
3.76e+25
3.688e+25
3.54e+25
3.326e+25
3.072e+25
2.798e+25
2.516e+25
2.25e+25
2.002e+25
1.784e+25
1.59e+25
1.42e+25
1.272e+25
1.145e+25
1.0378e+25
9.48e+24
8.738e+24
8.106e+24
7.572e+24
7.118e+24
6.742e+24
6.428e+24
6.172e+24
5.962e+24
5.796e+24
5.668e+24
5.578e+24
5.524e+24
5.506e+24
5.524e+24
5.578e+24
5.668e+24
5.796e+24
5.962e+24
6.172e+24
6.428e+24
6.742e+24
7.118e+24
7.572e+24
8.106e+24
8.738e+24
9.48e+24
1.0378e+25
1.145e+25
1.272e+25
1.42e+25
1.59e+25
1.784e+25
2.002e+25
2.25e+25
2.516e+25
2.798e+25
3.072e+25
3.326e+25
3.54e+25
3.688e+25
3.76e+25
3.714e+25
3.552e+25
3.26e+25
2.86e+25
2.376e+25
1.862e+25
1.3658e+25
8.5967e+24
4.69e+24
