4.34e-20
8.4767e-20
1.5606e-19
2.3598e-19
3.372e-19
4.596e-19
6.014e-19
7.622e-19
9.416e-19
1.141e-18
1.3578e-18
1.586e-18
1.826e-18
2.074e-18
2.332e-18
2.594e-18
2.866e-18
3.138e-18
3.404e-18
3.66e-18
3.912e-18
4.16e-18
4.406e-18
4.648e-18
4.88e-18
5.094e-18
5.296e-18
5.484e-18
5.666e-18
5.836e-18
5.988e-18
6.108e-18
6.202e-18
6.272e-18
6.328e-18
6.374e-18
6.408e-18
6.42e-18
6.408e-18
6.374e-18
6.328e-18
6.272e-18
6.202e-18
6.108e-18
5.988e-18
5.836e-18
5.666e-18
5.484e-18
5.296e-18
5.094e-18
4.88e-18
4.648e-18
4.406e-18
4.16e-18
3.912e-18
3.66e-18
3.404e-18
3.138e-18
2.866e-18
2.594e-18
2.332e-18
2.074e-18
1.826e-18
1.586e-18
1.3578e-18
1.141e-18
9.416e-19
7.622e-19
6.014e-19
4.596e-19
3.372e-19
2.3598e-19
1.5606e-19
8.4767e-20
4.34e-20
