1.47e+25
2.6e+25
3.914e+25
5.16e+25
6.318e+25
7.292e+25
7.898e+25
8.178e+25
8.078e+25
7.734e+25
7.112e+25
6.43e+25
5.666e+25
4.904e+25
4.194e+25
3.526e+25
2.97e+25
2.476e+25
2.084e+25
1.756e+25
1.49e+25
1.2734e+25
1.0958e+25
9.576e+24
8.442e+24
7.554e+24
6.846e+24
6.276e+24
5.816e+24
5.442e+24
5.144e+24
4.904e+24
4.714e+24
4.564e+24
4.452e+24
4.376e+24
4.33e+24
4.314e+24
4.33e+24
4.376e+24
4.452e+24
4.564e+24
4.714e+24
4.904e+24
5.144e+24
5.442e+24
5.816e+24
6.276e+24
6.846e+24
7.554e+24
8.442e+24
9.576e+24
1.0958e+25
1.2734e+25
1.49e+25
1.756e+25
2.084e+25
2.476e+25
2.97e+25
3.526e+25
4.194e+25
4.904e+25
5.666e+25
6.43e+25
7.112e+25
7.734e+25
8.078e+25
8.178e+25
7.898e+25
7.292e+25
6.318e+25
5.16e+25
3.914e+25
2.6e+25
1.47e+25
