1.54e+24
2.8567e+24
4.796e+24
6.748e+24
8.948e+24
1.1222e+25
1.336e+25
1.524e+25
1.676e+25
1.784e+25
1.842e+25
1.86e+25
1.838e+25
1.782e+25
1.7e+25
1.598e+25
1.484e+25
1.366e+25
1.248e+25
1.1314e+25
1.0218e+25
9.188e+24
8.224e+24
7.344e+24
6.566e+24
5.886e+24
5.282e+24
4.754e+24
4.304e+24
3.928e+24
3.602e+24
3.334e+24
3.12e+24
2.944e+24
2.808e+24
2.712e+24
2.658e+24
2.638e+24
2.658e+24
2.712e+24
2.808e+24
2.944e+24
3.12e+24
3.334e+24
3.602e+24
3.928e+24
4.304e+24
4.754e+24
5.282e+24
5.886e+24
6.566e+24
7.344e+24
8.224e+24
9.188e+24
1.0218e+25
1.1314e+25
1.248e+25
1.366e+25
1.484e+25
1.598e+25
1.7e+25
1.782e+25
1.838e+25
1.86e+25
1.842e+25
1.784e+25
1.676e+25
1.524e+25
1.336e+25
1.1222e+25
8.948e+24
6.748e+24
4.796e+24
2.8567e+24
1.54e+24
