9.01e+24
1.617e+25
2.4922e+25
3.336e+25
4.158e+25
4.892e+25
5.416e+25
5.74e+25
5.816e+25
5.712e+25
5.406e+25
5.024e+25
4.556e+25
4.06e+25
3.574e+25
3.1e+25
2.684e+25
2.306e+25
1.994e+25
1.724e+25
1.498e+25
1.31e+25
1.152e+25
1.0236e+25
9.18e+24
8.328e+24
7.626e+24
7.048e+24
6.572e+24
6.18e+24
5.862e+24
5.602e+24
5.392e+24
5.228e+24
5.102e+24
5.014e+24
4.962e+24
4.946e+24
4.962e+24
5.014e+24
5.102e+24
5.228e+24
5.392e+24
5.602e+24
5.862e+24
6.18e+24
6.572e+24
7.048e+24
7.626e+24
8.328e+24
9.18e+24
1.0236e+25
1.152e+25
1.31e+25
1.498e+25
1.724e+25
1.994e+25
2.306e+25
2.684e+25
3.1e+25
3.574e+25
4.06e+25
4.556e+25
5.024e+25
5.406e+25
5.712e+25
5.816e+25
5.74e+25
5.416e+25
4.892e+25
4.158e+25
3.336e+25
2.4922e+25
1.617e+25
9.01e+24
