2.97e+23
5.5333e+23
9.66e+23
1.4086e+24
1.9262e+24
2.506e+24
3.104e+24
3.702e+24
4.26e+24
4.78e+24
5.23e+24
5.586e+24
5.852e+24
6.022e+24
6.118e+24
6.122e+24
6.08e+24
5.972e+24
5.816e+24
5.612e+24
5.388e+24
5.156e+24
4.912e+24
4.67e+24
4.426e+24
4.18e+24
3.942e+24
3.718e+24
3.522e+24
3.342e+24
3.184e+24
3.042e+24
2.922e+24
2.82e+24
2.746e+24
2.698e+24
2.672e+24
2.662e+24
2.672e+24
2.698e+24
2.746e+24
2.82e+24
2.922e+24
3.042e+24
3.184e+24
3.342e+24
3.522e+24
3.718e+24
3.942e+24
4.18e+24
4.426e+24
4.67e+24
4.912e+24
5.156e+24
5.388e+24
5.612e+24
5.816e+24
5.972e+24
6.08e+24
6.122e+24
6.118e+24
6.022e+24
5.852e+24
5.586e+24
5.23e+24
4.78e+24
4.26e+24
3.702e+24
3.104e+24
2.506e+24
1.9262e+24
1.4086e+24
9.66e+23
5.5333e+23
2.97e+23
