4.77e+22
9.11e+22
1.6326e+23
2.4272e+23
3.398e+23
4.532e+23
5.778e+23
7.118e+23
8.508e+23
9.952e+23
1.1392e+24
1.2748e+24
1.404e+24
1.522e+24
1.632e+24
1.728e+24
1.818e+24
1.894e+24
1.956e+24
2e+24
2.034e+24
2.06e+24
2.078e+24
2.09e+24
2.096e+24
2.094e+24
2.088e+24
2.078e+24
2.07e+24
2.062e+24
2.054e+24
2.04e+24
2.026e+24
2.012e+24
2.002e+24
1.996e+24
1.996e+24
1.996e+24
1.996e+24
1.996e+24
2.002e+24
2.012e+24
2.026e+24
2.04e+24
2.054e+24
2.062e+24
2.07e+24
2.078e+24
2.088e+24
2.094e+24
2.096e+24
2.09e+24
2.078e+24
2.06e+24
2.034e+24
2e+24
1.956e+24
1.894e+24
1.818e+24
1.728e+24
1.632e+24
1.522e+24
1.404e+24
1.2748e+24
1.1392e+24
9.952e+23
8.508e+23
7.118e+23
5.778e+23
4.532e+23
3.398e+23
2.4272e+23
1.6326e+23
9.11e+22
4.77e+22
