1.07e-29
2.0933e-29
3.856e-29
5.842e-29
8.342e-29
1.136e-28
1.486e-28
1.884e-28
2.326e-28
2.818e-28
3.354e-28
3.92e-28
4.514e-28
5.126e-28
5.764e-28
6.414e-28
7.086e-28
7.758e-28
8.416e-28
9.058e-28
9.684e-28
1.0292e-27
1.0892e-27
1.15e-27
1.206e-27
1.258e-27
1.308e-27
1.356e-27
1.4e-27
1.442e-27
1.48e-27
1.51e-27
1.532e-27
1.55e-27
1.564e-27
1.576e-27
1.584e-27
1.588e-27
1.584e-27
1.576e-27
1.564e-27
1.55e-27
1.532e-27
1.51e-27
1.48e-27
1.442e-27
1.4e-27
1.356e-27
1.308e-27
1.258e-27
1.206e-27
1.15e-27
1.0892e-27
1.0292e-27
9.684e-28
9.058e-28
8.416e-28
7.758e-28
7.086e-28
6.414e-28
5.764e-28
5.126e-28
4.514e-28
3.92e-28
3.354e-28
2.818e-28
2.326e-28
1.884e-28
1.486e-28
1.136e-28
8.342e-29
5.842e-29
3.856e-29
2.0933e-29
1.07e-29
