1.76e-10
3.4267e-10
6.316e-10
9.544e-10
1.3642e-09
1.86e-09
2.434e-09
3.086e-09
3.812e-09
4.616e-09
5.492e-09
6.416e-09
7.386e-09
8.382e-09
9.426e-09
1.0486e-08
1.1578e-08
1.268e-08
1.376e-08
1.48e-08
1.582e-08
1.684e-08
1.784e-08
1.882e-08
1.976e-08
2.062e-08
2.142e-08
2.218e-08
2.292e-08
2.36e-08
2.422e-08
2.472e-08
2.51e-08
2.538e-08
2.562e-08
2.58e-08
2.594e-08
2.598e-08
2.594e-08
2.58e-08
2.562e-08
2.538e-08
2.51e-08
2.472e-08
2.422e-08
2.36e-08
2.292e-08
2.218e-08
2.142e-08
2.062e-08
1.976e-08
1.882e-08
1.784e-08
1.684e-08
1.582e-08
1.48e-08
1.376e-08
1.268e-08
1.1578e-08
1.0486e-08
9.426e-09
8.382e-09
7.386e-09
6.416e-09
5.492e-09
4.616e-09
3.812e-09
3.086e-09
2.434e-09
1.86e-09
1.3642e-09
9.544e-10
6.316e-10
3.4267e-10
1.76e-10
