1.17e+25
2.0867e+25
3.174e+25
4.214e+25
5.202e+25
6.058e+25
6.63e+25
6.942e+25
6.94e+25
6.726e+25
6.27e+25
5.742e+25
5.128e+25
4.5e+25
3.902e+25
3.328e+25
2.84e+25
2.402e+25
2.048e+25
1.746e+25
1.498e+25
1.295e+25
1.1254e+25
9.91e+24
8.814e+24
7.942e+24
7.232e+24
6.654e+24
6.184e+24
5.8e+24
5.492e+24
5.242e+24
5.042e+24
4.886e+24
4.766e+24
4.684e+24
4.634e+24
4.618e+24
4.634e+24
4.684e+24
4.766e+24
4.886e+24
5.042e+24
5.242e+24
5.492e+24
5.8e+24
6.184e+24
6.654e+24
7.232e+24
7.942e+24
8.814e+24
9.91e+24
1.1254e+25
1.295e+25
1.498e+25
1.746e+25
2.048e+25
2.402e+25
2.84e+25
3.328e+25
3.902e+25
4.5e+25
5.128e+25
5.742e+25
6.27e+25
6.726e+25
6.94e+25
6.942e+25
6.63e+25
6.058e+25
5.202e+25
4.214e+25
3.174e+25
2.0867e+25
1.17e+25
