2.84e+25
4.8867e+25
7.196e+25
9.288e+25
1.1144e+26
1.2504e+26
1.318e+26
1.318e+26
1.258e+26
1.1578e+26
1.0238e+26
8.87e+25
7.49e+25
6.212e+25
5.082e+25
4.104e+25
3.3e+25
2.652e+25
2.144e+25
1.742e+25
1.4304e+25
1.1852e+25
9.952e+24
8.474e+24
7.346e+24
6.476e+24
5.798e+24
5.268e+24
4.844e+24
4.512e+24
4.246e+24
4.04e+24
3.874e+24
3.748e+24
3.652e+24
3.586e+24
3.546e+24
3.534e+24
3.546e+24
3.586e+24
3.652e+24
3.748e+24
3.874e+24
4.04e+24
4.246e+24
4.512e+24
4.844e+24
5.268e+24
5.798e+24
6.476e+24
7.346e+24
8.474e+24
9.952e+24
1.1852e+25
1.4304e+25
1.742e+25
2.144e+25
2.652e+25
3.3e+25
4.104e+25
5.082e+25
6.212e+25
7.49e+25
8.87e+25
1.0238e+26
1.1578e+26
1.258e+26
1.318e+26
1.318e+26
1.2504e+26
1.1144e+26
9.288e+25
7.196e+25
4.8867e+25
2.84e+25
