8.23e+23
1.521e+24
2.5926e+24
3.708e+24
4.978e+24
6.338e+24
7.662e+24
8.898e+24
9.958e+24
1.0832e+25
1.146e+25
1.186e+25
1.202e+25
1.196e+25
1.174e+25
1.134e+25
1.085e+25
1.026e+25
9.622e+24
8.932e+24
8.254e+24
7.586e+24
6.944e+24
6.34e+24
5.776e+24
5.256e+24
4.78e+24
4.354e+24
3.988e+24
3.666e+24
3.386e+24
3.146e+24
2.95e+24
2.788e+24
2.666e+24
2.584e+24
2.54e+24
2.524e+24
2.54e+24
2.584e+24
2.666e+24
2.788e+24
2.95e+24
3.146e+24
3.386e+24
3.666e+24
3.988e+24
4.354e+24
4.78e+24
5.256e+24
5.776e+24
6.34e+24
6.944e+24
7.586e+24
8.254e+24
8.932e+24
9.622e+24
1.026e+25
1.085e+25
1.134e+25
1.174e+25
1.196e+25
1.202e+25
1.186e+25
1.146e+25
1.0832e+25
9.958e+24
8.898e+24
7.662e+24
6.338e+24
4.978e+24
3.708e+24
2.5926e+24
1.521e+24
8.23e+23
