2.8729e+09
5.606e+09
1.0323e+10
1.5611e+10
2.2305e+10
3.0409e+10
3.9796e+10
5.0472e+10
6.2346e+10
7.5434e+10
8.9759e+10
1.0479e+11
1.2074e+11
1.372e+11
1.544e+11
1.718e+11
1.9e+11
2.08e+11
2.256e+11
2.426e+11
2.592e+11
2.756e+11
2.918e+11
3.078e+11
3.23e+11
3.372e+11
3.504e+11
3.628e+11
3.748e+11
3.862e+11
3.962e+11
4.042e+11
4.104e+11
4.15e+11
4.186e+11
4.218e+11
4.24e+11
4.248e+11
4.24e+11
4.218e+11
4.186e+11
4.15e+11
4.104e+11
4.042e+11
3.962e+11
3.862e+11
3.748e+11
3.628e+11
3.504e+11
3.372e+11
3.23e+11
3.078e+11
2.918e+11
2.756e+11
2.592e+11
2.426e+11
2.256e+11
2.08e+11
1.9e+11
1.718e+11
1.544e+11
1.372e+11
1.2074e+11
1.0479e+11
8.9759e+10
7.5434e+10
6.2346e+10
5.0472e+10
3.9796e+10
3.0409e+10
2.2305e+10
1.5611e+10
1.0323e+10
5.606e+09
2.8729e+09
