3.25e+24
6.01e+24
9.726e+24
1.3396e+25
1.7324e+25
2.112e+25
2.446e+25
2.704e+25
2.876e+25
2.958e+25
2.954e+25
2.884e+25
2.758e+25
2.592e+25
2.4e+25
2.194e+25
1.988e+25
1.792e+25
1.612e+25
1.45e+25
1.306e+25
1.1768e+25
1.066e+25
9.706e+24
8.896e+24
8.212e+24
7.636e+24
7.15e+24
6.736e+24
6.394e+24
6.108e+24
5.876e+24
5.688e+24
5.538e+24
5.422e+24
5.342e+24
5.294e+24
5.278e+24
5.294e+24
5.342e+24
5.422e+24
5.538e+24
5.688e+24
5.876e+24
6.108e+24
6.394e+24
6.736e+24
7.15e+24
7.636e+24
8.212e+24
8.896e+24
9.706e+24
1.066e+25
1.1768e+25
1.306e+25
1.45e+25
1.612e+25
1.792e+25
1.988e+25
2.194e+25
2.4e+25
2.592e+25
2.758e+25
2.884e+25
2.954e+25
2.958e+25
2.876e+25
2.704e+25
2.446e+25
2.112e+25
1.7324e+25
1.3396e+25
9.726e+24
6.01e+24
3.25e+24
