1.23e-88
2.4267e-88
4.408e-88
6.622e-88
9.426e-88
1.2972e-87
1.6982e-87
2.152e-87
2.644e-87
3.176e-87
3.742e-87
4.324e-87
4.95e-87
5.562e-87
6.182e-87
6.772e-87
7.358e-87
7.928e-87
8.456e-87
8.954e-87
9.366e-87
9.718e-87
9.992e-87
1.0214e-86
1.04e-86
1.05e-86
1.056e-86
1.05e-86
1.04e-86
1.0214e-86
9.992e-87
9.718e-87
9.366e-87
8.954e-87
8.456e-87
7.928e-87
7.358e-87
6.772e-87
6.182e-87
5.562e-87
4.95e-87
4.324e-87
3.742e-87
3.176e-87
2.644e-87
2.152e-87
1.6982e-87
1.2972e-87
9.426e-88
6.622e-88
4.408e-88
2.4267e-88
1.23e-88
