1.09e+25
1.93e+25
2.95e+25
3.922e+25
4.86e+25
5.678e+25
6.25e+25
6.576e+25
6.628e+25
6.48e+25
6.124e+25
5.692e+25
5.186e+25
4.666e+25
4.166e+25
3.692e+25
3.284e+25
2.928e+25
2.64e+25
2.402e+25
2.21e+25
2.06e+25
1.944e+25
1.86e+25
1.804e+25
1.772e+25
1.762e+25
1.772e+25
1.804e+25
1.86e+25
1.944e+25
2.06e+25
2.21e+25
2.402e+25
2.64e+25
2.928e+25
3.284e+25
3.692e+25
4.166e+25
4.666e+25
5.186e+25
5.692e+25
6.124e+25
6.48e+25
6.628e+25
6.576e+25
6.25e+25
5.678e+25
4.86e+25
3.922e+25
2.95e+25
1.93e+25
1.09e+25
