1.4382e+08
2.8434e+08
5.1664e+08
7.7711e+08
1.1063e+09
1.5211e+09
1.9905e+09
2.5232e+09
3.1001e+09
3.7237e+09
4.3893e+09
5.0731e+09
5.8073e+09
6.5237e+09
7.2497e+09
7.9396e+09
8.627e+09
9.2939e+09
9.9141e+09
1.0498e+10
1.0981e+10
1.1395e+10
1.1714e+10
1.1969e+10
1.2179e+10
1.2292e+10
1.2357e+10
1.2292e+10
1.2179e+10
1.1969e+10
1.1714e+10
1.1395e+10
1.0981e+10
1.0498e+10
9.9141e+09
9.2939e+09
8.627e+09
7.9396e+09
7.2497e+09
6.5237e+09
5.8073e+09
5.0731e+09
4.3893e+09
3.7237e+09
3.1001e+09
2.5232e+09
1.9905e+09
1.5211e+09
1.1063e+09
7.7711e+08
5.1664e+08
2.8434e+08
1.4382e+08
