7.41e+23
1.387e+24
2.3482e+24
3.348e+24
4.518e+24
5.802e+24
7.082e+24
8.316e+24
9.408e+24
1.0364e+25
1.111e+25
1.17e+25
1.21e+25
1.234e+25
1.242e+25
1.236e+25
1.224e+25
1.204e+25
1.184e+25
1.158e+25
1.132e+25
1.104e+25
1.08e+25
1.06e+25
1.046e+25
1.04e+25
1.038e+25
1.04e+25
1.046e+25
1.06e+25
1.08e+25
1.104e+25
1.132e+25
1.158e+25
1.184e+25
1.204e+25
1.224e+25
1.236e+25
1.242e+25
1.234e+25
1.21e+25
1.17e+25
1.111e+25
1.0364e+25
9.408e+24
8.316e+24
7.082e+24
5.802e+24
4.518e+24
3.348e+24
2.3482e+24
1.387e+24
7.41e+23
