1.36e-24
2.6967e-24
4.9e-24
7.368e-24
1.0482e-23
1.4422e-23
1.8878e-23
2.392e-23
2.94e-23
3.532e-23
4.162e-23
4.81e-23
5.508e-23
6.186e-23
6.874e-23
7.528e-23
8.18e-23
8.802e-23
9.382e-23
9.942e-23
1.0398e-22
1.08e-22
1.112e-22
1.138e-22
1.158e-22
1.17e-22
1.176e-22
1.17e-22
1.158e-22
1.138e-22
1.112e-22
1.08e-22
1.0398e-22
9.942e-23
9.382e-23
8.802e-23
8.18e-23
7.528e-23
6.874e-23
6.186e-23
5.508e-23
4.81e-23
4.162e-23
3.532e-23
2.94e-23
2.392e-23
1.8878e-23
1.4422e-23
1.0482e-23
7.368e-24
4.9e-24
2.6967e-24
1.36e-24
