1.29e-56
2.5567e-56
4.646e-56
6.988e-56
9.948e-56
1.3672e-55
1.7898e-55
2.268e-55
2.786e-55
3.346e-55
3.946e-55
4.56e-55
5.22e-55
5.866e-55
6.52e-55
7.14e-55
7.758e-55
8.358e-55
8.914e-55
9.438e-55
9.864e-55
1.0244e-54
1.054e-54
1.076e-54
1.096e-54
1.106e-54
1.112e-54
1.106e-54
1.096e-54
1.076e-54
1.054e-54
1.0244e-54
9.864e-55
9.438e-55
8.914e-55
8.358e-55
7.758e-55
7.14e-55
6.52e-55
5.866e-55
5.22e-55
4.56e-55
3.946e-55
3.346e-55
2.786e-55
2.268e-55
1.7898e-55
1.3672e-55
9.948e-56
6.988e-56
4.646e-56
2.5567e-56
1.29e-56
