1.16e-120
2.3e-120
4.178e-120
6.286e-120
8.952e-120
1.2298e-119
1.609e-119
2.04e-119
2.506e-119
3.01e-119
3.55e-119
4.104e-119
4.698e-119
5.278e-119
5.866e-119
6.424e-119
6.98e-119
7.518e-119
8.02e-119
8.492e-119
8.882e-119
9.216e-119
9.474e-119
9.68e-119
9.848e-119
9.94e-119
9.992e-119
9.94e-119
9.848e-119
9.68e-119
9.474e-119
9.216e-119
8.882e-119
8.492e-119
8.02e-119
7.518e-119
6.98e-119
6.424e-119
5.866e-119
5.278e-119
4.698e-119
4.104e-119
3.55e-119
3.01e-119
2.506e-119
2.04e-119
1.609e-119
1.2298e-119
8.952e-120
6.286e-120
4.178e-120
2.3e-120
1.16e-120
