2.25e+25
3.89e+25
5.688e+25
7.378e+25
8.864e+25
1.0054e+26
1.0652e+26
1.08e+26
1.0424e+26
9.788e+25
8.77e+25
7.788e+25
6.734e+25
5.732e+25
4.84e+25
4.02e+25
3.378e+25
2.812e+25
2.388e+25
2.044e+25
1.776e+25
1.576e+25
1.42e+25
1.318e+25
1.246e+25
1.208e+25
1.196e+25
1.208e+25
1.246e+25
1.318e+25
1.42e+25
1.576e+25
1.776e+25
2.044e+25
2.388e+25
2.812e+25
3.378e+25
4.02e+25
4.84e+25
5.732e+25
6.734e+25
7.788e+25
8.77e+25
9.788e+25
1.0424e+26
1.08e+26
1.0652e+26
1.0054e+26
8.864e+25
7.378e+25
5.688e+25
3.89e+25
2.25e+25
