1.44e+25
2.53e+25
3.8e+25
5.006e+25
6.126e+25
7.076e+25
7.672e+25
7.962e+25
7.89e+25
7.596e+25
7.036e+25
6.426e+25
5.738e+25
5.056e+25
4.424e+25
3.828e+25
3.34e+25
2.91e+25
2.574e+25
2.296e+25
2.076e+25
1.906e+25
1.774e+25
1.682e+25
1.62e+25
1.586e+25
1.576e+25
1.586e+25
1.62e+25
1.682e+25
1.774e+25
1.906e+25
2.076e+25
2.296e+25
2.574e+25
2.91e+25
3.34e+25
3.828e+25
4.424e+25
5.056e+25
5.738e+25
6.426e+25
7.036e+25
7.596e+25
7.89e+25
7.962e+25
7.672e+25
7.076e+25
6.126e+25
5.006e+25
3.8e+25
2.53e+25
1.44e+25
