3.95e+24
7.0733e+24
1.1404e+25
1.5674e+25
2.022e+25
2.464e+25
2.848e+25
3.142e+25
3.338e+25
3.434e+25
3.43e+25
3.346e+25
3.198e+25
3.004e+25
2.782e+25
2.548e+25
2.32e+25
2.106e+25
1.91e+25
1.736e+25
1.586e+25
1.46e+25
1.36e+25
1.286e+25
1.236e+25
1.206e+25
1.196e+25
1.206e+25
1.236e+25
1.286e+25
1.36e+25
1.46e+25
1.586e+25
1.736e+25
1.91e+25
2.106e+25
2.32e+25
2.548e+25
2.782e+25
3.004e+25
3.198e+25
3.346e+25
3.43e+25
3.434e+25
3.338e+25
3.142e+25
2.848e+25
2.464e+25
2.022e+25
1.5674e+25
1.1404e+25
7.0733e+24
3.95e+24
