5.14e+24
9.2667e+24
1.488e+25
2.0352e+25
2.606e+25
3.14e+25
3.59e+25
3.916e+25
4.104e+25
4.162e+25
4.098e+25
3.944e+25
3.72e+25
3.458e+25
3.174e+25
2.884e+25
2.608e+25
2.356e+25
2.132e+25
1.938e+25
1.778e+25
1.644e+25
1.538e+25
1.456e+25
1.402e+25
1.37e+25
1.36e+25
1.37e+25
1.402e+25
1.456e+25
1.538e+25
1.644e+25
1.778e+25
1.938e+25
2.132e+25
2.356e+25
2.608e+25
2.884e+25
3.174e+25
3.458e+25
3.72e+25
3.944e+25
4.098e+25
4.162e+25
4.104e+25
3.916e+25
3.59e+25
3.14e+25
2.606e+25
2.0352e+25
1.488e+25
9.2667e+24
5.14e+24
