2.53e+25
4.3633e+25
6.402e+25
8.296e+25
9.96e+25
1.1224e+26
1.188e+26
1.198e+26
1.1494e+26
1.0694e+26
9.548e+25
8.384e+25
7.178e+25
6.066e+25
5.076e+25
4.198e+25
3.492e+25
2.904e+25
2.454e+25
2.098e+25
1.826e+25
1.62e+25
1.466e+25
1.36e+25
1.29e+25
1.252e+25
1.24e+25
1.252e+25
1.29e+25
1.36e+25
1.466e+25
1.62e+25
1.826e+25
2.098e+25
2.454e+25
2.904e+25
3.492e+25
4.198e+25
5.076e+25
6.066e+25
7.178e+25
8.384e+25
9.548e+25
1.0694e+26
1.1494e+26
1.198e+26
1.188e+26
1.1224e+26
9.96e+25
8.296e+25
6.402e+25
4.3633e+25
2.53e+25
