2e+14
3.9667e+14
7.186e+14
1.0746e+15
1.5264e+15
2.0806e+15
2.718e+15
3.428e+15
4.198e+15
5.026e+15
5.898e+15
6.804e+15
7.746e+15
8.68e+15
9.608e+15
1.0496e+16
1.1378e+16
1.222e+16
1.302e+16
1.374e+16
1.436e+16
1.486e+16
1.526e+16
1.558e+16
1.582e+16
1.598e+16
1.604e+16
1.598e+16
1.582e+16
1.558e+16
1.526e+16
1.486e+16
1.436e+16
1.374e+16
1.302e+16
1.222e+16
1.1378e+16
1.0496e+16
9.608e+15
8.68e+15
7.746e+15
6.804e+15
5.898e+15
5.026e+15
4.198e+15
3.428e+15
2.718e+15
2.0806e+15
1.5264e+15
1.0746e+15
7.186e+14
3.9667e+14
2e+14
