1.44e+25
2.5333e+25
3.838e+25
5.066e+25
6.228e+25
7.202e+25
7.838e+25
8.138e+25
8.08e+25
7.768e+25
7.202e+25
6.56e+25
5.842e+25
5.128e+25
4.458e+25
3.836e+25
3.31e+25
2.858e+25
2.498e+25
2.204e+25
1.972e+25
1.79e+25
1.654e+25
1.558e+25
1.494e+25
1.46e+25
1.45e+25
1.46e+25
1.494e+25
1.558e+25
1.654e+25
1.79e+25
1.972e+25
2.204e+25
2.498e+25
2.858e+25
3.31e+25
3.836e+25
4.458e+25
5.128e+25
5.842e+25
6.56e+25
7.202e+25
7.768e+25
8.08e+25
8.138e+25
7.838e+25
7.202e+25
6.228e+25
5.066e+25
3.838e+25
2.5333e+25
1.44e+25
