8.82e+24
1.584e+25
2.4644e+25
3.306e+25
4.144e+25
4.89e+25
5.45e+25
5.798e+25
5.914e+25
5.838e+25
5.578e+25
5.224e+25
4.794e+25
4.336e+25
3.88e+25
3.442e+25
3.05e+25
2.706e+25
2.42e+25
2.18e+25
1.984e+25
1.828e+25
1.708e+25
1.622e+25
1.566e+25
1.536e+25
1.526e+25
1.536e+25
1.566e+25
1.622e+25
1.708e+25
1.828e+25
1.984e+25
2.18e+25
2.42e+25
2.706e+25
3.05e+25
3.442e+25
3.88e+25
4.336e+25
4.794e+25
5.224e+25
5.578e+25
5.838e+25
5.914e+25
5.798e+25
5.45e+25
4.89e+25
4.144e+25
3.306e+25
2.4644e+25
1.584e+25
8.82e+24
