1.75e+25
3.0567e+25
4.602e+25
6.034e+25
7.374e+25
8.442e+25
9.11e+25
9.354e+25
9.186e+25
8.718e+25
7.994e+25
7.186e+25
6.326e+25
5.498e+25
4.736e+25
4.054e+25
3.48e+25
3.004e+25
2.626e+25
2.324e+25
2.088e+25
1.906e+25
1.77e+25
1.672e+25
1.608e+25
1.572e+25
1.56e+25
1.572e+25
1.608e+25
1.672e+25
1.77e+25
1.906e+25
2.088e+25
2.324e+25
2.626e+25
3.004e+25
3.48e+25
4.054e+25
4.736e+25
5.498e+25
6.326e+25
7.186e+25
7.994e+25
8.718e+25
9.186e+25
9.354e+25
9.11e+25
8.442e+25
7.374e+25
6.034e+25
4.602e+25
3.0567e+25
1.75e+25
