2.45e+25
4.2333e+25
6.258e+25
8.108e+25
9.766e+25
1.0998e+26
1.166e+26
1.176e+26
1.1316e+26
1.0524e+26
9.442e+25
8.312e+25
7.148e+25
6.08e+25
5.132e+25
4.308e+25
3.632e+25
3.088e+25
2.664e+25
2.328e+25
2.072e+25
1.876e+25
1.73e+25
1.626e+25
1.56e+25
1.522e+25
1.51e+25
1.522e+25
1.56e+25
1.626e+25
1.73e+25
1.876e+25
2.072e+25
2.328e+25
2.664e+25
3.088e+25
3.632e+25
4.308e+25
5.132e+25
6.08e+25
7.148e+25
8.312e+25
9.442e+25
1.0524e+26
1.1316e+26
1.176e+26
1.166e+26
1.0998e+26
9.766e+25
8.108e+25
6.258e+25
4.2333e+25
2.45e+25
