1.16e+25
2.07e+25
3.182e+25
4.232e+25
5.25e+25
6.116e+25
6.728e+25
7.052e+25
7.082e+25
6.88e+25
6.468e+25
5.958e+25
5.378e+25
4.79e+25
4.226e+25
3.7e+25
3.242e+25
2.852e+25
2.532e+25
2.27e+25
2.062e+25
1.898e+25
1.774e+25
1.684e+25
1.624e+25
1.59e+25
1.58e+25
1.59e+25
1.624e+25
1.684e+25
1.774e+25
1.898e+25
2.062e+25
2.27e+25
2.532e+25
2.852e+25
3.242e+25
3.7e+25
4.226e+25
4.79e+25
5.378e+25
5.958e+25
6.468e+25
6.88e+25
7.082e+25
7.052e+25
6.728e+25
6.116e+25
5.25e+25
4.232e+25
3.182e+25
2.07e+25
1.16e+25
