1.55e+23
3.0167e+23
5.228e+23
7.578e+23
1.0382e+24
1.3578e+24
1.7e+24
2.054e+24
2.406e+24
2.75e+24
3.076e+24
3.38e+24
3.658e+24
3.902e+24
4.114e+24
4.29e+24
4.44e+24
4.564e+24
4.668e+24
4.746e+24
4.802e+24
4.84e+24
4.866e+24
4.886e+24
4.904e+24
4.918e+24
4.924e+24
4.918e+24
4.904e+24
4.886e+24
4.866e+24
4.84e+24
4.802e+24
4.746e+24
4.668e+24
4.564e+24
4.44e+24
4.29e+24
4.114e+24
3.902e+24
3.658e+24
3.38e+24
3.076e+24
2.75e+24
2.406e+24
2.054e+24
1.7e+24
1.3578e+24
1.0382e+24
7.578e+23
5.228e+23
3.0167e+23
1.55e+23
