5.4949e+10
1.0858e+11
1.9215e+11
2.8216e+11
3.926e+11
5.224e+11
6.67e+11
8.222e+11
9.872e+11
1.1568e+12
1.3288e+12
1.502e+12
1.674e+12
1.838e+12
1.994e+12
2.14e+12
2.274e+12
2.398e+12
2.51e+12
2.608e+12
2.69e+12
2.758e+12
2.812e+12
2.854e+12
2.886e+12
2.906e+12
2.914e+12
2.906e+12
2.886e+12
2.854e+12
2.812e+12
2.758e+12
2.69e+12
2.608e+12
2.51e+12
2.398e+12
2.274e+12
2.14e+12
1.994e+12
1.838e+12
1.674e+12
1.502e+12
1.3288e+12
1.1568e+12
9.872e+11
8.222e+11
6.67e+11
5.224e+11
3.926e+11
2.8216e+11
1.9215e+11
1.0858e+11
5.4949e+10
