2.36e+22
4.6533e+22
8.212e+22
1.204e+23
1.6704e+23
2.216e+23
2.82e+23
3.464e+23
4.136e+23
4.826e+23
5.516e+23
6.2e+23
6.87e+23
7.506e+23
8.102e+23
8.646e+23
9.156e+23
9.602e+23
1.0004e+24
1.0346e+24
1.064e+24
1.086e+24
1.104e+24
1.118e+24
1.13e+24
1.136e+24
1.138e+24
1.136e+24
1.13e+24
1.118e+24
1.104e+24
1.086e+24
1.064e+24
1.0346e+24
1.0004e+24
9.602e+23
9.156e+23
8.646e+23
8.102e+23
7.506e+23
6.87e+23
6.2e+23
5.516e+23
4.826e+23
4.136e+23
3.464e+23
2.82e+23
2.216e+23
1.6704e+23
1.204e+23
8.212e+22
4.6533e+22
2.36e+22
