2.1e+20
4.15e+20
7.342e+20
1.0782e+21
1.4998e+21
1.9972e+21
2.55e+21
3.146e+21
3.774e+21
4.424e+21
5.082e+21
5.742e+21
6.396e+21
7.024e+21
7.622e+21
8.174e+21
8.69e+21
9.154e+21
9.592e+21
9.966e+21
1.0288e+22
1.054e+22
1.076e+22
1.092e+22
1.104e+22
1.112e+22
1.116e+22
1.112e+22
1.104e+22
1.092e+22
1.076e+22
1.054e+22
1.0288e+22
9.966e+21
9.592e+21
9.154e+21
8.69e+21
8.174e+21
7.622e+21
7.024e+21
6.396e+21
5.742e+21
5.082e+21
4.424e+21
3.774e+21
3.146e+21
2.55e+21
1.9972e+21
1.4998e+21
1.0782e+21
7.342e+20
4.15e+20
2.1e+20
