3.85e+24
6.92e+24
1.1152e+25
1.5342e+25
1.974e+25
2.4e+25
2.768e+25
3.052e+25
3.238e+25
3.334e+25
3.336e+25
3.266e+25
3.138e+25
2.97e+25
2.78e+25
2.58e+25
2.39e+25
2.208e+25
2.046e+25
1.906e+25
1.786e+25
1.686e+25
1.608e+25
1.55e+25
1.51e+25
1.486e+25
1.478e+25
1.486e+25
1.51e+25
1.55e+25
1.608e+25
1.686e+25
1.786e+25
1.906e+25
2.046e+25
2.208e+25
2.39e+25
2.58e+25
2.78e+25
2.97e+25
3.138e+25
3.266e+25
3.336e+25
3.334e+25
3.238e+25
3.052e+25
2.768e+25
2.4e+25
1.974e+25
1.5342e+25
1.1152e+25
6.92e+24
3.85e+24
