1.37e+13
2.7067e+13
4.786e+13
7.032e+13
9.774e+13
1.3002e+14
1.6604e+14
2.05e+14
2.458e+14
2.882e+14
3.312e+14
3.742e+14
4.168e+14
4.578e+14
4.968e+14
5.328e+14
5.666e+14
5.974e+14
6.254e+14
6.496e+14
6.702e+14
6.866e+14
6.998e+14
7.102e+14
7.182e+14
7.232e+14
7.252e+14
7.232e+14
7.182e+14
7.102e+14
6.998e+14
6.866e+14
6.702e+14
6.496e+14
6.254e+14
5.974e+14
5.666e+14
5.328e+14
4.968e+14
4.578e+14
4.168e+14
3.742e+14
3.312e+14
2.882e+14
2.458e+14
2.05e+14
1.6604e+14
1.3002e+14
9.774e+13
7.032e+13
4.786e+13
2.7067e+13
1.37e+13
