2.85e+25
4.89e+25
7.17e+25
9.24e+25
1.1076e+26
1.2396e+26
1.304e+26
1.302e+26
1.24e+26
1.1404e+26
1.011e+26
8.804e+25
7.508e+25
6.332e+25
5.294e+25
4.404e+25
3.684e+25
3.108e+25
2.664e+25
2.318e+25
2.054e+25
1.854e+25
1.708e+25
1.602e+25
1.534e+25
1.496e+25
1.484e+25
1.496e+25
1.534e+25
1.602e+25
1.708e+25
1.854e+25
2.054e+25
2.318e+25
2.664e+25
3.108e+25
3.684e+25
4.404e+25
5.294e+25
6.332e+25
7.508e+25
8.804e+25
1.011e+26
1.1404e+26
1.24e+26
1.302e+26
1.304e+26
1.2396e+26
1.1076e+26
9.24e+25
7.17e+25
4.89e+25
2.85e+25
