9.2e+24
1.65e+25
2.564e+25
3.436e+25
4.3e+25
5.058e+25
5.624e+25
5.964e+25
6.064e+25
5.966e+25
5.686e+25
5.31e+25
4.86e+25
4.386e+25
3.92e+25
3.476e+25
3.08e+25
2.738e+25
2.454e+25
2.218e+25
2.026e+25
1.876e+25
1.76e+25
1.676e+25
1.62e+25
1.59e+25
1.58e+25
1.59e+25
1.62e+25
1.676e+25
1.76e+25
1.876e+25
2.026e+25
2.218e+25
2.454e+25
2.738e+25
3.08e+25
3.476e+25
3.92e+25
4.386e+25
4.86e+25
5.31e+25
5.686e+25
5.966e+25
6.064e+25
5.964e+25
5.624e+25
5.058e+25
4.3e+25
3.436e+25
2.564e+25
1.65e+25
9.2e+24
