8.61e+24
1.5437e+25
2.4022e+25
3.224e+25
4.042e+25
4.772e+25
5.322e+25
5.666e+25
5.786e+25
5.722e+25
5.478e+25
5.144e+25
4.734e+25
4.298e+25
3.864e+25
3.446e+25
3.072e+25
2.744e+25
2.47e+25
2.24e+25
2.054e+25
1.906e+25
1.792e+25
1.71e+25
1.656e+25
1.626e+25
1.616e+25
1.626e+25
1.656e+25
1.71e+25
1.792e+25
1.906e+25
2.054e+25
2.24e+25
2.47e+25
2.744e+25
3.072e+25
3.446e+25
3.864e+25
4.298e+25
4.734e+25
5.144e+25
5.478e+25
5.722e+25
5.786e+25
5.666e+25
5.322e+25
4.772e+25
4.042e+25
3.224e+25
2.4022e+25
1.5437e+25
8.61e+24
