2.22e-20
4.39e-20
7.994e-20
1.201e-19
1.7154e-19
2.352e-19
3.084e-19
3.906e-19
4.8e-19
5.764e-19
6.788e-19
7.86e-19
8.978e-19
1.0098e-18
1.122e-18
1.23e-18
1.336e-18
1.438e-18
1.534e-18
1.622e-18
1.696e-18
1.758e-18
1.808e-18
1.848e-18
1.878e-18
1.898e-18
1.906e-18
1.898e-18
1.878e-18
1.848e-18
1.808e-18
1.758e-18
1.696e-18
1.622e-18
1.534e-18
1.438e-18
1.336e-18
1.23e-18
1.122e-18
1.0098e-18
8.978e-19
7.86e-19
6.788e-19
5.764e-19
4.8e-19
3.906e-19
3.084e-19
2.352e-19
1.7154e-19
1.201e-19
7.994e-20
4.39e-20
2.22e-20
