1.4663e+09
2.9029e+09
5.2913e+09
7.9492e+09
1.1348e+10
1.5562e+10
2.0407e+10
2.5844e+10
3.1766e+10
3.8153e+10
4.4926e+10
5.1997e+10
5.941e+10
6.6792e+10
7.4156e+10
8.1242e+10
8.8295e+10
9.5126e+10
1.0147e+11
1.0739e+11
1.124e+11
1.164e+11
1.196e+11
1.222e+11
1.242e+11
1.254e+11
1.26e+11
1.254e+11
1.242e+11
1.222e+11
1.196e+11
1.164e+11
1.124e+11
1.0739e+11
1.0147e+11
9.5126e+10
8.8295e+10
8.1242e+10
7.4156e+10
6.6792e+10
5.941e+10
5.1997e+10
4.4926e+10
3.8153e+10
3.1766e+10
2.5844e+10
2.0407e+10
1.5562e+10
1.1348e+10
7.9492e+09
5.2913e+09
2.9029e+09
1.4663e+09
