5.04e+24
9.0833e+24
1.461e+25
1.9982e+25
2.562e+25
3.09e+25
3.536e+25
3.862e+25
4.054e+25
4.116e+25
4.058e+25
3.912e+25
3.694e+25
3.438e+25
3.16e+25
2.878e+25
2.606e+25
2.36e+25
2.14e+25
1.948e+25
1.79e+25
1.658e+25
1.552e+25
1.472e+25
1.418e+25
1.386e+25
1.374e+25
1.386e+25
1.418e+25
1.472e+25
1.552e+25
1.658e+25
1.79e+25
1.948e+25
2.14e+25
2.36e+25
2.606e+25
2.878e+25
3.16e+25
3.438e+25
3.694e+25
3.912e+25
4.058e+25
4.116e+25
4.054e+25
3.862e+25
3.536e+25
3.09e+25
2.562e+25
1.9982e+25
1.461e+25
9.0833e+24
5.04e+24
