2.84e+24
5.1533e+24
8.372e+24
1.1604e+25
1.5114e+25
1.866e+25
2.184e+25
2.444e+25
2.632e+25
2.746e+25
2.78e+25
2.752e+25
2.666e+25
2.534e+25
2.372e+25
2.186e+25
2e+25
1.816e+25
1.648e+25
1.49e+25
1.352e+25
1.232e+25
1.1368e+25
1.0636e+25
1.0156e+25
9.884e+24
9.792e+24
9.884e+24
1.0156e+25
1.0636e+25
1.1368e+25
1.232e+25
1.352e+25
1.49e+25
1.648e+25
1.816e+25
2e+25
2.186e+25
2.372e+25
2.534e+25
2.666e+25
2.752e+25
2.78e+25
2.746e+25
2.632e+25
2.444e+25
2.184e+25
1.866e+25
1.5114e+25
1.1604e+25
8.372e+24
5.1533e+24
2.84e+24
