2.59e+25
4.4433e+25
6.484e+25
8.386e+25
1.0044e+26
1.1318e+26
1.194e+26
1.202e+26
1.1512e+26
1.0708e+26
9.524e+25
8.368e+25
7.162e+25
6.04e+25
5.048e+25
4.162e+25
3.46e+25
2.864e+25
2.416e+25
2.058e+25
1.782e+25
1.574e+25
1.418e+25
1.312e+25
1.24e+25
1.202e+25
1.19e+25
1.202e+25
1.24e+25
1.312e+25
1.418e+25
1.574e+25
1.782e+25
2.058e+25
2.416e+25
2.864e+25
3.46e+25
4.162e+25
5.048e+25
6.04e+25
7.162e+25
8.368e+25
9.524e+25
1.0708e+26
1.1512e+26
1.202e+26
1.194e+26
1.1318e+26
1.0044e+26
8.386e+25
6.484e+25
4.4433e+25
2.59e+25
