1.13e+25
2.01e+25
3.076e+25
4.09e+25
5.068e+25
5.916e+25
6.506e+25
6.836e+25
6.876e+25
6.702e+25
6.31e+25
5.836e+25
5.284e+25
4.718e+25
4.174e+25
3.656e+25
3.212e+25
2.824e+25
2.51e+25
2.25e+25
2.042e+25
1.878e+25
1.752e+25
1.662e+25
1.602e+25
1.57e+25
1.56e+25
1.57e+25
1.602e+25
1.662e+25
1.752e+25
1.878e+25
2.042e+25
2.25e+25
2.51e+25
2.824e+25
3.212e+25
3.656e+25
4.174e+25
4.718e+25
5.284e+25
5.836e+25
6.31e+25
6.702e+25
6.876e+25
6.836e+25
6.506e+25
5.916e+25
5.068e+25
4.09e+25
3.076e+25
2.01e+25
1.13e+25
