1.8e+25
3.1333e+25
4.666e+25
6.108e+25
7.426e+25
8.514e+25
9.148e+25
9.39e+25
9.196e+25
8.738e+25
7.966e+25
7.166e+25
6.294e+25
5.448e+25
4.676e+25
3.964e+25
3.382e+25
2.878e+25
2.488e+25
2.17e+25
1.922e+25
1.732e+25
1.586e+25
1.486e+25
1.418e+25
1.382e+25
1.37e+25
1.382e+25
1.418e+25
1.486e+25
1.586e+25
1.732e+25
1.922e+25
2.17e+25
2.488e+25
2.878e+25
3.382e+25
3.964e+25
4.676e+25
5.448e+25
6.294e+25
7.166e+25
7.966e+25
8.738e+25
9.196e+25
9.39e+25
9.148e+25
8.514e+25
7.426e+25
6.108e+25
4.666e+25
3.1333e+25
1.8e+25
