8.96e-11
1.7753e-10
3.2332e-10
4.858e-10
6.936e-10
9.512e-10
1.2478e-09
1.5804e-09
1.942e-09
2.332e-09
2.746e-09
3.178e-09
3.63e-09
4.082e-09
4.532e-09
4.964e-09
5.392e-09
5.804e-09
6.196e-09
6.554e-09
6.862e-09
7.114e-09
7.318e-09
7.478e-09
7.602e-09
7.68e-09
7.714e-09
7.68e-09
7.602e-09
7.478e-09
7.318e-09
7.114e-09
6.862e-09
6.554e-09
6.196e-09
5.804e-09
5.392e-09
4.964e-09
4.532e-09
4.082e-09
3.63e-09
3.178e-09
2.746e-09
2.332e-09
1.942e-09
1.5804e-09
1.2478e-09
9.512e-10
6.936e-10
4.858e-10
3.2332e-10
1.7753e-10
8.96e-11
