5.93e+18
1.171e+19
2.1366e+19
3.21e+19
4.584e+19
6.292e+19
8.254e+19
1.0458e+20
1.2846e+20
1.542e+20
1.816e+20
2.102e+20
2.4e+20
2.698e+20
2.996e+20
3.282e+20
3.564e+20
3.838e+20
4.1e+20
4.336e+20
4.538e+20
4.706e+20
4.84e+20
4.944e+20
5.028e+20
5.08e+20
5.102e+20
5.08e+20
5.028e+20
4.944e+20
4.84e+20
4.706e+20
4.538e+20
4.336e+20
4.1e+20
3.838e+20
3.564e+20
3.282e+20
2.996e+20
2.698e+20
2.4e+20
2.102e+20
1.816e+20
1.542e+20
1.2846e+20
1.0458e+20
8.254e+19
6.292e+19
4.584e+19
3.21e+19
2.1366e+19
1.171e+19
5.93e+18
