3.88e+24
7.0267e+24
1.1336e+25
1.558e+25
2.004e+25
2.43e+25
2.796e+25
3.078e+25
3.26e+25
3.35e+25
3.35e+25
3.28e+25
3.152e+25
2.988e+25
2.804e+25
2.61e+25
2.424e+25
2.25e+25
2.094e+25
1.958e+25
1.844e+25
1.75e+25
1.674e+25
1.62e+25
1.582e+25
1.56e+25
1.552e+25
1.56e+25
1.582e+25
1.62e+25
1.674e+25
1.75e+25
1.844e+25
1.958e+25
2.094e+25
2.25e+25
2.424e+25
2.61e+25
2.804e+25
2.988e+25
3.152e+25
3.28e+25
3.35e+25
3.35e+25
3.26e+25
3.078e+25
2.796e+25
2.43e+25
2.004e+25
1.558e+25
1.1336e+25
7.0267e+24
3.88e+24
