5.3e+24
9.6633e+24
1.5438e+25
2.1018e+25
2.678e+25
3.214e+25
3.654e+25
3.97e+25
4.146e+25
4.196e+25
4.122e+25
3.968e+25
3.748e+25
3.494e+25
3.224e+25
2.952e+25
2.698e+25
2.468e+25
2.268e+25
2.096e+25
1.954e+25
1.838e+25
1.748e+25
1.68e+25
1.636e+25
1.61e+25
1.602e+25
1.61e+25
1.636e+25
1.68e+25
1.748e+25
1.838e+25
1.954e+25
2.096e+25
2.268e+25
2.468e+25
2.698e+25
2.952e+25
3.224e+25
3.494e+25
3.748e+25
3.968e+25
4.122e+25
4.196e+25
4.146e+25
3.97e+25
3.654e+25
3.214e+25
2.678e+25
2.1018e+25
1.5438e+25
9.6633e+24
5.3e+24
