4.94e+23
9.45e+23
1.603e+24
2.2862e+24
3.076e+24
3.936e+24
4.808e+24
5.656e+24
6.44e+24
7.144e+24
7.744e+24
8.242e+24
8.634e+24
8.922e+24
9.116e+24
9.222e+24
9.272e+24
9.274e+24
9.246e+24
9.19e+24
9.118e+24
9.042e+24
8.974e+24
8.924e+24
8.894e+24
8.882e+24
8.88e+24
8.882e+24
8.894e+24
8.924e+24
8.974e+24
9.042e+24
9.118e+24
9.19e+24
9.246e+24
9.274e+24
9.272e+24
9.222e+24
9.116e+24
8.922e+24
8.634e+24
8.242e+24
7.744e+24
7.144e+24
6.44e+24
5.656e+24
4.808e+24
3.936e+24
3.076e+24
2.2862e+24
1.603e+24
9.45e+23
4.94e+23
