9.85e+23
1.8517e+24
3.091e+24
4.36e+24
5.79e+24
7.298e+24
8.764e+24
1.0118e+25
1.1292e+25
1.226e+25
1.3e+25
1.352e+25
1.382e+25
1.394e+25
1.39e+25
1.372e+25
1.348e+25
1.32e+25
1.29e+25
1.26e+25
1.232e+25
1.206e+25
1.184e+25
1.168e+25
1.158e+25
1.152e+25
1.15e+25
1.152e+25
1.158e+25
1.168e+25
1.184e+25
1.206e+25
1.232e+25
1.26e+25
1.29e+25
1.32e+25
1.348e+25
1.372e+25
1.39e+25
1.394e+25
1.382e+25
1.352e+25
1.3e+25
1.226e+25
1.1292e+25
1.0118e+25
8.764e+24
7.298e+24
5.79e+24
4.36e+24
3.091e+24
1.8517e+24
9.85e+23
