2.16e+19
4.2633e+19
7.518e+19
1.1006e+20
1.524e+20
2.018e+20
2.564e+20
3.146e+20
3.754e+20
4.376e+20
4.998e+20
5.614e+20
6.216e+20
6.788e+20
7.326e+20
7.82e+20
8.276e+20
8.688e+20
9.058e+20
9.376e+20
9.652e+20
9.87e+20
1.0042e+21
1.018e+21
1.028e+21
1.034e+21
1.036e+21
1.034e+21
1.028e+21
1.018e+21
1.0042e+21
9.87e+20
9.652e+20
9.376e+20
9.058e+20
8.688e+20
8.276e+20
7.82e+20
7.326e+20
6.788e+20
6.216e+20
5.614e+20
4.998e+20
4.376e+20
3.754e+20
3.146e+20
2.564e+20
2.018e+20
1.524e+20
1.1006e+20
7.518e+19
4.2633e+19
2.16e+19
