7.15e+22
1.4017e+23
2.425e+23
3.512e+23
4.786e+23
6.194e+23
7.678e+23
9.19e+23
1.066e+24
1.2048e+24
1.332e+24
1.446e+24
1.544e+24
1.628e+24
1.7e+24
1.758e+24
1.804e+24
1.842e+24
1.872e+24
1.894e+24
1.912e+24
1.926e+24
1.934e+24
1.938e+24
1.94e+24
1.938e+24
1.934e+24
1.928e+24
1.922e+24
1.916e+24
1.91e+24
1.904e+24
1.9e+24
1.896e+24
1.892e+24
1.892e+24
1.892e+24
1.892e+24
1.892e+24
1.892e+24
1.892e+24
1.896e+24
1.9e+24
1.904e+24
1.91e+24
1.916e+24
1.922e+24
1.928e+24
1.934e+24
1.938e+24
1.94e+24
1.938e+24
1.934e+24
1.926e+24
1.912e+24
1.894e+24
1.872e+24
1.842e+24
1.804e+24
1.758e+24
1.7e+24
1.628e+24
1.544e+24
1.446e+24
1.332e+24
1.2048e+24
1.066e+24
9.19e+23
7.678e+23
6.194e+23
4.786e+23
3.512e+23
2.425e+23
1.4017e+23
7.15e+22
