2.48e+23
4.7933e+23
8.196e+23
1.174e+24
1.5796e+24
2.014e+24
2.454e+24
2.878e+24
3.268e+24
3.608e+24
3.89e+24
4.112e+24
4.276e+24
4.384e+24
4.448e+24
4.472e+24
4.466e+24
4.434e+24
4.386e+24
4.328e+24
4.262e+24
4.19e+24
4.116e+24
4.04e+24
3.966e+24
3.894e+24
3.828e+24
3.764e+24
3.704e+24
3.648e+24
3.598e+24
3.552e+24
3.512e+24
3.48e+24
3.456e+24
3.44e+24
3.432e+24
3.43e+24
3.432e+24
3.44e+24
3.456e+24
3.48e+24
3.512e+24
3.552e+24
3.598e+24
3.648e+24
3.704e+24
3.764e+24
3.828e+24
3.894e+24
3.966e+24
4.04e+24
4.116e+24
4.19e+24
4.262e+24
4.328e+24
4.386e+24
4.434e+24
4.466e+24
4.472e+24
4.448e+24
4.384e+24
4.276e+24
4.112e+24
3.89e+24
3.608e+24
3.268e+24
2.878e+24
2.454e+24
2.014e+24
1.5796e+24
1.174e+24
8.196e+23
4.7933e+23
2.48e+23
