2e+24
3.8167e+24
6.238e+24
8.678e+24
1.1256e+25
1.3768e+25
1.596e+25
1.77e+25
1.888e+25
1.952e+25
1.958e+25
1.924e+25
1.854e+25
1.76e+25
1.654e+25
1.542e+25
1.432e+25
1.328e+25
1.23e+25
1.1418e+25
1.0636e+25
9.94e+24
9.326e+24
8.786e+24
8.294e+24
7.852e+24
7.458e+24
7.106e+24
6.792e+24
6.51e+24
6.264e+24
6.054e+24
5.88e+24
5.74e+24
5.636e+24
5.564e+24
5.524e+24
5.51e+24
5.524e+24
5.564e+24
5.636e+24
5.74e+24
5.88e+24
6.054e+24
6.264e+24
6.51e+24
6.792e+24
7.106e+24
7.458e+24
7.852e+24
8.294e+24
8.786e+24
9.326e+24
9.94e+24
1.0636e+25
1.1418e+25
1.23e+25
1.328e+25
1.432e+25
1.542e+25
1.654e+25
1.76e+25
1.854e+25
1.924e+25
1.958e+25
1.952e+25
1.888e+25
1.77e+25
1.596e+25
1.3768e+25
1.1256e+25
8.678e+24
6.238e+24
3.8167e+24
2e+24
