4.95e+15
9.7933e+15
1.7176e+16
2.5086e+16
3.454e+16
4.528e+16
5.698e+16
6.93e+16
8.2e+16
9.454e+16
1.0692e+17
1.1876e+17
1.3e+17
1.404e+17
1.504e+17
1.594e+17
1.676e+17
1.752e+17
1.822e+17
1.886e+17
1.946e+17
2.002e+17
2.052e+17
2.098e+17
2.14e+17
2.176e+17
2.208e+17
2.236e+17
2.258e+17
2.276e+17
2.292e+17
2.304e+17
2.314e+17
2.324e+17
2.332e+17
2.338e+17
2.344e+17
2.346e+17
2.344e+17
2.338e+17
2.332e+17
2.324e+17
2.314e+17
2.304e+17
2.292e+17
2.276e+17
2.258e+17
2.236e+17
2.208e+17
2.176e+17
2.14e+17
2.098e+17
2.052e+17
2.002e+17
1.946e+17
1.886e+17
1.822e+17
1.752e+17
1.676e+17
1.594e+17
1.504e+17
1.404e+17
1.3e+17
1.1876e+17
1.0692e+17
9.454e+16
8.2e+16
6.93e+16
5.698e+16
4.528e+16
3.454e+16
2.5086e+16
1.7176e+16
9.7933e+15
4.95e+15
