1.63e+25
2.9167e+25
4.382e+25
5.742e+25
6.974e+25
7.896e+25
8.428e+25
8.53e+25
8.242e+25
7.684e+25
6.916e+25
6.092e+25
5.272e+25
4.508e+25
3.84e+25
3.276e+25
2.814e+25
2.438e+25
2.132e+25
1.882e+25
1.676e+25
1.506e+25
1.362e+25
1.24e+25
1.1344e+25
1.0424e+25
9.6e+24
8.888e+24
8.266e+24
7.724e+24
7.264e+24
6.874e+24
6.554e+24
6.3e+24
6.108e+24
5.974e+24
5.898e+24
5.874e+24
5.898e+24
5.974e+24
6.108e+24
6.3e+24
6.554e+24
6.874e+24
7.264e+24
7.724e+24
8.266e+24
8.888e+24
9.6e+24
1.0424e+25
1.1344e+25
1.24e+25
1.362e+25
1.506e+25
1.676e+25
1.882e+25
2.132e+25
2.438e+25
2.814e+25
3.276e+25
3.84e+25
4.508e+25
5.272e+25
6.092e+25
6.916e+25
7.684e+25
8.242e+25
8.53e+25
8.428e+25
7.896e+25
6.974e+25
5.742e+25
4.382e+25
2.9167e+25
1.63e+25
