2e+17
3.96e+17
6.936e+17
1.0136e+18
1.3966e+18
1.83e+18
2.304e+18
2.802e+18
3.312e+18
3.822e+18
4.322e+18
4.8e+18
5.256e+18
5.682e+18
6.08e+18
6.444e+18
6.778e+18
7.082e+18
7.362e+18
7.62e+18
7.86e+18
8.084e+18
8.29e+18
8.478e+18
8.65e+18
8.802e+18
8.932e+18
9.04e+18
9.13e+18
9.202e+18
9.262e+18
9.314e+18
9.358e+18
9.394e+18
9.426e+18
9.454e+18
9.472e+18
9.478e+18
9.472e+18
9.454e+18
9.426e+18
9.394e+18
9.358e+18
9.314e+18
9.262e+18
9.202e+18
9.13e+18
9.04e+18
8.932e+18
8.802e+18
8.65e+18
8.478e+18
8.29e+18
8.084e+18
7.86e+18
7.62e+18
7.362e+18
7.082e+18
6.778e+18
6.444e+18
6.08e+18
5.682e+18
5.256e+18
4.8e+18
4.322e+18
3.822e+18
3.312e+18
2.802e+18
2.304e+18
1.83e+18
1.3966e+18
1.0136e+18
6.936e+17
3.96e+17
2e+17
