6.28e+24
1.1593e+25
1.8216e+25
2.46e+25
3.09e+25
3.64e+25
4.054e+25
4.298e+25
4.368e+25
4.29e+25
4.078e+25
3.79e+25
3.458e+25
3.108e+25
2.774e+25
2.464e+25
2.192e+25
1.954e+25
1.752e+25
1.578e+25
1.432e+25
1.308e+25
1.202e+25
1.1094e+25
1.0286e+25
9.566e+24
8.926e+24
8.358e+24
7.864e+24
7.43e+24
7.056e+24
6.74e+24
6.48e+24
6.272e+24
6.116e+24
6.01e+24
5.948e+24
5.928e+24
5.948e+24
6.01e+24
6.116e+24
6.272e+24
6.48e+24
6.74e+24
7.056e+24
7.43e+24
7.864e+24
8.358e+24
8.926e+24
9.566e+24
1.0286e+25
1.1094e+25
1.202e+25
1.308e+25
1.432e+25
1.578e+25
1.752e+25
1.954e+25
2.192e+25
2.464e+25
2.774e+25
3.108e+25
3.458e+25
3.79e+25
4.078e+25
4.29e+25
4.368e+25
4.298e+25
4.054e+25
3.64e+25
3.09e+25
2.46e+25
1.8216e+25
1.1593e+25
6.28e+24
