3.12e+25
5.4333e+25
7.86e+25
1.0056e+26
1.1886e+26
1.304e+26
1.348e+26
1.316e+26
1.2224e+26
1.095e+26
9.454e+25
7.984e+25
6.648e+25
5.482e+25
4.522e+25
3.756e+25
3.156e+25
2.686e+25
2.318e+25
2.026e+25
1.79e+25
1.596e+25
1.434e+25
1.296e+25
1.1752e+25
1.0706e+25
9.782e+24
8.98e+24
8.278e+24
7.682e+24
7.176e+24
6.75e+24
6.4e+24
6.122e+24
5.912e+24
5.764e+24
5.68e+24
5.652e+24
5.68e+24
5.764e+24
5.912e+24
6.122e+24
6.4e+24
6.75e+24
7.176e+24
7.682e+24
8.278e+24
8.98e+24
9.782e+24
1.0706e+25
1.1752e+25
1.296e+25
1.434e+25
1.596e+25
1.79e+25
2.026e+25
2.318e+25
2.686e+25
3.156e+25
3.756e+25
4.522e+25
5.482e+25
6.648e+25
7.984e+25
9.454e+25
1.095e+26
1.2224e+26
1.316e+26
1.348e+26
1.304e+26
1.1886e+26
1.0056e+26
7.86e+25
5.4333e+25
3.12e+25
