8.08e+18
1.6027e+19
2.8056e+19
4.096e+19
5.64e+19
7.396e+19
9.316e+19
1.1332e+20
1.34e+20
1.546e+20
1.748e+20
1.94e+20
2.124e+20
2.296e+20
2.458e+20
2.604e+20
2.74e+20
2.862e+20
2.976e+20
3.08e+20
3.178e+20
3.268e+20
3.352e+20
3.428e+20
3.496e+20
3.556e+20
3.608e+20
3.652e+20
3.688e+20
3.718e+20
3.744e+20
3.766e+20
3.784e+20
3.798e+20
3.812e+20
3.822e+20
3.83e+20
3.832e+20
3.83e+20
3.822e+20
3.812e+20
3.798e+20
3.784e+20
3.766e+20
3.744e+20
3.718e+20
3.688e+20
3.652e+20
3.608e+20
3.556e+20
3.496e+20
3.428e+20
3.352e+20
3.268e+20
3.178e+20
3.08e+20
2.976e+20
2.862e+20
2.74e+20
2.604e+20
2.458e+20
2.296e+20
2.124e+20
1.94e+20
1.748e+20
1.546e+20
1.34e+20
1.1332e+20
9.316e+19
7.396e+19
5.64e+19
4.096e+19
2.8056e+19
1.6027e+19
8.08e+18
