4.55e+24
8.49e+24
1.3514e+25
1.8404e+25
2.334e+25
2.78e+25
3.136e+25
3.37e+25
3.476e+25
3.468e+25
3.352e+25
3.168e+25
2.938e+25
2.684e+25
2.432e+25
2.19e+25
1.97e+25
1.776e+25
1.608e+25
1.46e+25
1.334e+25
1.226e+25
1.1316e+25
1.0488e+25
9.77e+24
9.132e+24
8.564e+24
8.062e+24
7.616e+24
7.226e+24
6.888e+24
6.602e+24
6.364e+24
6.176e+24
6.034e+24
5.938e+24
5.882e+24
5.864e+24
5.882e+24
5.938e+24
6.034e+24
6.176e+24
6.364e+24
6.602e+24
6.888e+24
7.226e+24
7.616e+24
8.062e+24
8.564e+24
9.132e+24
9.77e+24
1.0488e+25
1.1316e+25
1.226e+25
1.334e+25
1.46e+25
1.608e+25
1.776e+25
1.97e+25
2.19e+25
2.432e+25
2.684e+25
2.938e+25
3.168e+25
3.352e+25
3.468e+25
3.476e+25
3.37e+25
3.136e+25
2.78e+25
2.334e+25
1.8404e+25
1.3514e+25
8.49e+24
4.55e+24
