3.13e+24
5.8933e+24
9.496e+24
1.307e+25
1.6766e+25
2.022e+25
2.312e+25
2.522e+25
2.644e+25
2.682e+25
2.64e+25
2.542e+25
2.402e+25
2.234e+25
2.058e+25
1.882e+25
1.718e+25
1.568e+25
1.434e+25
1.316e+25
1.214e+25
1.1234e+25
1.0444e+25
9.748e+24
9.138e+24
8.582e+24
8.094e+24
7.66e+24
7.274e+24
6.934e+24
6.638e+24
6.386e+24
6.178e+24
6.012e+24
5.886e+24
5.8e+24
5.75e+24
5.734e+24
5.75e+24
5.8e+24
5.886e+24
6.012e+24
6.178e+24
6.386e+24
6.638e+24
6.934e+24
7.274e+24
7.66e+24
8.094e+24
8.582e+24
9.138e+24
9.748e+24
1.0444e+25
1.1234e+25
1.214e+25
1.316e+25
1.434e+25
1.568e+25
1.718e+25
1.882e+25
2.058e+25
2.234e+25
2.402e+25
2.542e+25
2.64e+25
2.682e+25
2.644e+25
2.522e+25
2.312e+25
2.022e+25
1.6766e+25
1.307e+25
9.496e+24
5.8933e+24
3.13e+24
