1.96e+25
3.4767e+25
5.176e+25
6.738e+25
8.134e+25
9.124e+25
9.65e+25
9.672e+25
9.246e+25
8.516e+25
7.584e+25
6.606e+25
5.654e+25
4.786e+25
4.042e+25
3.422e+25
2.92e+25
2.516e+25
2.192e+25
1.928e+25
1.714e+25
1.536e+25
1.386e+25
1.258e+25
1.1476e+25
1.0504e+25
9.662e+24
8.93e+24
8.284e+24
7.726e+24
7.25e+24
6.85e+24
6.52e+24
6.26e+24
6.062e+24
5.926e+24
5.848e+24
5.824e+24
5.848e+24
5.926e+24
6.062e+24
6.26e+24
6.52e+24
6.85e+24
7.25e+24
7.726e+24
8.284e+24
8.93e+24
9.662e+24
1.0504e+25
1.1476e+25
1.258e+25
1.386e+25
1.536e+25
1.714e+25
1.928e+25
2.192e+25
2.516e+25
2.92e+25
3.422e+25
4.042e+25
4.786e+25
5.654e+25
6.606e+25
7.584e+25
8.516e+25
9.246e+25
9.672e+25
9.65e+25
9.124e+25
8.134e+25
6.738e+25
5.176e+25
3.4767e+25
1.96e+25
