1.33e+25
2.4e+25
3.646e+25
4.812e+25
5.89e+25
6.728e+25
7.25e+25
7.414e+25
7.246e+25
6.834e+25
6.228e+25
5.552e+25
4.862e+25
4.202e+25
3.616e+25
3.112e+25
2.692e+25
2.346e+25
2.062e+25
1.828e+25
1.634e+25
1.472e+25
1.334e+25
1.218e+25
1.1166e+25
1.0274e+25
9.502e+24
8.826e+24
8.222e+24
7.7e+24
7.256e+24
6.88e+24
6.57e+24
6.326e+24
6.14e+24
6.01e+24
5.936e+24
5.914e+24
5.936e+24
6.01e+24
6.14e+24
6.326e+24
6.57e+24
6.88e+24
7.256e+24
7.7e+24
8.222e+24
8.826e+24
9.502e+24
1.0274e+25
1.1166e+25
1.218e+25
1.334e+25
1.472e+25
1.634e+25
1.828e+25
2.062e+25
2.346e+25
2.692e+25
3.112e+25
3.616e+25
4.202e+25
4.862e+25
5.552e+25
6.228e+25
6.834e+25
7.246e+25
7.414e+25
7.25e+25
6.728e+25
5.89e+25
4.812e+25
3.646e+25
2.4e+25
1.33e+25
