2.71e+25
4.74e+25
6.924e+25
8.902e+25
1.0602e+26
1.172e+26
1.22e+26
1.202e+26
1.1272e+26
1.0178e+26
8.868e+25
7.562e+25
6.342e+25
5.272e+25
4.38e+25
3.66e+25
3.088e+25
2.636e+25
2.28e+25
1.996e+25
1.766e+25
1.578e+25
1.42e+25
1.284e+25
1.1668e+25
1.0642e+25
9.74e+24
8.962e+24
8.286e+24
7.702e+24
7.204e+24
6.786e+24
6.442e+24
6.17e+24
5.962e+24
5.818e+24
5.734e+24
5.708e+24
5.734e+24
5.818e+24
5.962e+24
6.17e+24
6.442e+24
6.786e+24
7.204e+24
7.702e+24
8.286e+24
8.962e+24
9.74e+24
1.0642e+25
1.1668e+25
1.284e+25
1.42e+25
1.578e+25
1.766e+25
1.996e+25
2.28e+25
2.636e+25
3.088e+25
3.66e+25
4.38e+25
5.272e+25
6.342e+25
7.562e+25
8.868e+25
1.0178e+26
1.1272e+26
1.202e+26
1.22e+26
1.172e+26
1.0602e+26
8.902e+25
6.924e+25
4.74e+25
2.71e+25
