3.22e+20
6.37e+20
1.1182e+21
1.6338e+21
2.25e+21
2.95e+21
3.712e+21
4.514e+21
5.334e+21
6.156e+21
6.958e+21
7.726e+21
8.458e+21
9.138e+21
9.782e+21
1.036e+22
1.0906e+22
1.14e+22
1.186e+22
1.226e+22
1.266e+22
1.3e+22
1.332e+22
1.362e+22
1.39e+22
1.414e+22
1.436e+22
1.454e+22
1.468e+22
1.48e+22
1.488e+22
1.496e+22
1.502e+22
1.508e+22
1.512e+22
1.518e+22
1.52e+22
1.522e+22
1.52e+22
1.518e+22
1.512e+22
1.508e+22
1.502e+22
1.496e+22
1.488e+22
1.48e+22
1.468e+22
1.454e+22
1.436e+22
1.414e+22
1.39e+22
1.362e+22
1.332e+22
1.3e+22
1.266e+22
1.226e+22
1.186e+22
1.14e+22
1.0906e+22
1.036e+22
9.782e+21
9.138e+21
8.458e+21
7.726e+21
6.958e+21
6.156e+21
5.334e+21
4.514e+21
3.712e+21
2.95e+21
2.25e+21
1.6338e+21
1.1182e+21
6.37e+20
3.22e+20
