8.31e+24
1.5237e+25
2.3642e+25
3.168e+25
3.942e+25
4.592e+25
5.056e+25
5.29e+25
5.3e+25
5.13e+25
4.804e+25
4.398e+25
3.954e+25
3.504e+25
3.086e+25
2.71e+25
2.386e+25
2.11e+25
1.878e+25
1.682e+25
1.516e+25
1.376e+25
1.256e+25
1.1538e+25
1.064e+25
9.86e+24
9.172e+24
8.57e+24
8.032e+24
7.564e+24
7.162e+24
6.824e+24
6.544e+24
6.322e+24
6.154e+24
6.04e+24
5.972e+24
5.952e+24
5.972e+24
6.04e+24
6.154e+24
6.322e+24
6.544e+24
6.824e+24
7.162e+24
7.564e+24
8.032e+24
8.57e+24
9.172e+24
9.86e+24
1.064e+25
1.1538e+25
1.256e+25
1.376e+25
1.516e+25
1.682e+25
1.878e+25
2.11e+25
2.386e+25
2.71e+25
3.086e+25
3.504e+25
3.954e+25
4.398e+25
4.804e+25
5.13e+25
5.3e+25
5.29e+25
5.056e+25
4.592e+25
3.942e+25
3.168e+25
2.3642e+25
1.5237e+25
8.31e+24
