1.07e+25
1.94e+25
2.974e+25
3.952e+25
4.876e+25
5.622e+25
6.122e+25
6.332e+25
6.264e+25
5.982e+25
5.524e+25
4.988e+25
4.422e+25
3.868e+25
3.366e+25
2.924e+25
2.55e+25
2.236e+25
1.976e+25
1.76e+25
1.58e+25
1.43e+25
1.302e+25
1.192e+25
1.096e+25
1.011e+25
9.364e+24
8.72e+24
8.152e+24
7.654e+24
7.228e+24
6.87e+24
6.574e+24
6.338e+24
6.16e+24
6.038e+24
5.966e+24
5.942e+24
5.966e+24
6.038e+24
6.16e+24
6.338e+24
6.574e+24
6.87e+24
7.228e+24
7.654e+24
8.152e+24
8.72e+24
9.364e+24
1.011e+25
1.096e+25
1.192e+25
1.302e+25
1.43e+25
1.58e+25
1.76e+25
1.976e+25
2.236e+25
2.55e+25
2.924e+25
3.366e+25
3.868e+25
4.422e+25
4.988e+25
5.524e+25
5.982e+25
6.264e+25
6.332e+25
6.122e+25
5.622e+25
4.876e+25
3.952e+25
2.974e+25
1.94e+25
1.07e+25
