1.17e+24
2.2467e+24
3.73e+24
5.234e+24
6.862e+24
8.5e+24
1.001e+25
1.1298e+25
1.228e+25
1.296e+25
1.33e+25
1.336e+25
1.318e+25
1.282e+25
1.232e+25
1.174e+25
1.1134e+25
1.0512e+25
9.908e+24
9.354e+24
8.838e+24
8.366e+24
7.94e+24
7.552e+24
7.2e+24
6.878e+24
6.59e+24
6.328e+24
6.094e+24
5.882e+24
5.696e+24
5.536e+24
5.404e+24
5.298e+24
5.22e+24
5.166e+24
5.136e+24
5.126e+24
5.136e+24
5.166e+24
5.22e+24
5.298e+24
5.404e+24
5.536e+24
5.696e+24
5.882e+24
6.094e+24
6.328e+24
6.59e+24
6.878e+24
7.2e+24
7.552e+24
7.94e+24
8.366e+24
8.838e+24
9.354e+24
9.908e+24
1.0512e+25
1.1134e+25
1.174e+25
1.232e+25
1.282e+25
1.318e+25
1.336e+25
1.33e+25
1.296e+25
1.228e+25
1.1298e+25
1.001e+25
8.5e+24
6.862e+24
5.234e+24
3.73e+24
2.2467e+24
1.17e+24
