2.32e+25
4.0867e+25
6.024e+25
7.8e+25
9.342e+25
1.0412e+26
1.093e+26
1.0854e+26
1.0268e+26
9.368e+25
8.24e+25
7.092e+25
6.01e+25
5.038e+25
4.22e+25
3.548e+25
3.01e+25
2.58e+25
2.24e+25
1.964e+25
1.74e+25
1.558e+25
1.404e+25
1.272e+25
1.1584e+25
1.0596e+25
9.716e+24
8.962e+24
8.292e+24
7.72e+24
7.234e+24
6.824e+24
6.486e+24
6.218e+24
6.014e+24
5.872e+24
5.79e+24
5.764e+24
5.79e+24
5.872e+24
6.014e+24
6.218e+24
6.486e+24
6.824e+24
7.234e+24
7.72e+24
8.292e+24
8.962e+24
9.716e+24
1.0596e+25
1.1584e+25
1.272e+25
1.404e+25
1.558e+25
1.74e+25
1.964e+25
2.24e+25
2.58e+25
3.01e+25
3.548e+25
4.22e+25
5.038e+25
6.01e+25
7.092e+25
8.24e+25
9.368e+25
1.0268e+26
1.0854e+26
1.093e+26
1.0412e+26
9.342e+25
7.8e+25
6.024e+25
4.0867e+25
2.32e+25
