5.9e+23
1.1433e+24
1.928e+24
2.734e+24
3.636e+24
4.576e+24
5.486e+24
6.308e+24
7.008e+24
7.564e+24
7.958e+24
8.202e+24
8.308e+24
8.29e+24
8.182e+24
7.994e+24
7.762e+24
7.5e+24
7.226e+24
6.948e+24
6.68e+24
6.428e+24
6.192e+24
5.972e+24
5.768e+24
5.58e+24
5.406e+24
5.246e+24
5.1e+24
4.968e+24
4.85e+24
4.746e+24
4.66e+24
4.592e+24
4.542e+24
4.506e+24
4.488e+24
4.482e+24
4.488e+24
4.506e+24
4.542e+24
4.592e+24
4.66e+24
4.746e+24
4.85e+24
4.968e+24
5.1e+24
5.246e+24
5.406e+24
5.58e+24
5.768e+24
5.972e+24
6.192e+24
6.428e+24
6.68e+24
6.948e+24
7.226e+24
7.5e+24
7.762e+24
7.994e+24
8.182e+24
8.29e+24
8.308e+24
8.202e+24
7.958e+24
7.564e+24
7.008e+24
6.308e+24
5.486e+24
4.576e+24
3.636e+24
2.734e+24
1.928e+24
1.1433e+24
5.9e+23
