9.16e+21
1.812e+22
3.1672e+22
4.618e+22
6.344e+22
8.294e+22
1.0416e+23
1.2634e+23
1.488e+23
1.712e+23
1.928e+23
2.132e+23
2.324e+23
2.502e+23
2.664e+23
2.81e+23
2.942e+23
3.06e+23
3.168e+23
3.266e+23
3.356e+23
3.438e+23
3.512e+23
3.578e+23
3.638e+23
3.69e+23
3.734e+23
3.77e+23
3.798e+23
3.82e+23
3.838e+23
3.852e+23
3.864e+23
3.874e+23
3.884e+23
3.892e+23
3.9e+23
3.902e+23
3.9e+23
3.892e+23
3.884e+23
3.874e+23
3.864e+23
3.852e+23
3.838e+23
3.82e+23
3.798e+23
3.77e+23
3.734e+23
3.69e+23
3.638e+23
3.578e+23
3.512e+23
3.438e+23
3.356e+23
3.266e+23
3.168e+23
3.06e+23
2.942e+23
2.81e+23
2.664e+23
2.502e+23
2.324e+23
2.132e+23
1.928e+23
1.712e+23
1.488e+23
1.2634e+23
1.0416e+23
8.294e+22
6.344e+22
4.618e+22
3.1672e+22
1.812e+22
9.16e+21
