1.71e+24
3.17e+24
5.204e+24
7.262e+24
9.516e+24
1.1822e+25
1.3982e+25
1.586e+25
1.736e+25
1.85e+25
1.92e+25
1.954e+25
1.954e+25
1.928e+25
1.878e+25
1.814e+25
1.744e+25
1.674e+25
1.606e+25
1.544e+25
1.488e+25
1.44e+25
1.4e+25
1.37e+25
1.35e+25
1.338e+25
1.334e+25
1.338e+25
1.35e+25
1.37e+25
1.4e+25
1.44e+25
1.488e+25
1.544e+25
1.606e+25
1.674e+25
1.744e+25
1.814e+25
1.878e+25
1.928e+25
1.954e+25
1.954e+25
1.92e+25
1.85e+25
1.736e+25
1.586e+25
1.3982e+25
1.1822e+25
9.516e+24
7.262e+24
5.204e+24
3.17e+24
1.71e+24
