3.01e+15
5.9433e+15
1.0466e+16
1.5324e+16
2.125e+16
2.814e+16
3.574e+16
4.388e+16
5.234e+16
6.1e+16
6.968e+16
7.828e+16
8.668e+16
9.476e+16
1.0228e+17
1.0924e+17
1.156e+17
1.214e+17
1.264e+17
1.308e+17
1.344e+17
1.374e+17
1.398e+17
1.418e+17
1.432e+17
1.442e+17
1.446e+17
1.442e+17
1.432e+17
1.418e+17
1.398e+17
1.374e+17
1.344e+17
1.308e+17
1.264e+17
1.214e+17
1.156e+17
1.0924e+17
1.0228e+17
9.476e+16
8.668e+16
7.828e+16
6.968e+16
6.1e+16
5.234e+16
4.388e+16
3.574e+16
2.814e+16
2.125e+16
1.5324e+16
1.0466e+16
5.9433e+15
3.01e+15
