9.24e+24
1.658e+25
2.5748e+25
3.448e+25
4.31e+25
5.064e+25
5.624e+25
5.96e+25
6.056e+25
5.958e+25
5.68e+25
5.308e+25
4.864e+25
4.4e+25
3.944e+25
3.51e+25
3.124e+25
2.79e+25
2.512e+25
2.28e+25
2.094e+25
1.946e+25
1.832e+25
1.75e+25
1.696e+25
1.666e+25
1.656e+25
1.666e+25
1.696e+25
1.75e+25
1.832e+25
1.946e+25
2.094e+25
2.28e+25
2.512e+25
2.79e+25
3.124e+25
3.51e+25
3.944e+25
4.4e+25
4.864e+25
5.308e+25
5.68e+25
5.958e+25
6.056e+25
5.96e+25
5.624e+25
5.064e+25
4.31e+25
3.448e+25
2.5748e+25
1.658e+25
9.24e+24
