2.62e+24
4.77e+24
7.742e+24
1.0718e+25
1.3936e+25
1.718e+25
2.008e+25
2.248e+25
2.426e+25
2.542e+25
2.588e+25
2.582e+25
2.528e+25
2.434e+25
2.314e+25
2.178e+25
2.04e+25
1.906e+25
1.784e+25
1.672e+25
1.572e+25
1.488e+25
1.42e+25
1.37e+25
1.336e+25
1.318e+25
1.312e+25
1.318e+25
1.336e+25
1.37e+25
1.42e+25
1.488e+25
1.572e+25
1.672e+25
1.784e+25
1.906e+25
2.04e+25
2.178e+25
2.314e+25
2.434e+25
2.528e+25
2.582e+25
2.588e+25
2.542e+25
2.426e+25
2.248e+25
2.008e+25
1.718e+25
1.3936e+25
1.0718e+25
7.742e+24
4.77e+24
2.62e+24
