8.71e+23
1.6403e+24
2.7502e+24
3.898e+24
5.204e+24
6.61e+24
7.99e+24
9.284e+24
1.0422e+25
1.1374e+25
1.21e+25
1.264e+25
1.296e+25
1.31e+25
1.308e+25
1.292e+25
1.268e+25
1.24e+25
1.208e+25
1.176e+25
1.144e+25
1.114e+25
1.088e+25
1.07e+25
1.056e+25
1.05e+25
1.048e+25
1.05e+25
1.056e+25
1.07e+25
1.088e+25
1.114e+25
1.144e+25
1.176e+25
1.208e+25
1.24e+25
1.268e+25
1.292e+25
1.308e+25
1.31e+25
1.296e+25
1.264e+25
1.21e+25
1.1374e+25
1.0422e+25
9.284e+24
7.99e+24
6.61e+24
5.204e+24
3.898e+24
2.7502e+24
1.6403e+24
8.71e+23
