1.08e+19
2.1267e+19
3.786e+19
5.59e+19
7.82e+19
1.047e+20
1.3464e+20
1.672e+20
2.018e+20
2.382e+20
2.756e+20
3.136e+20
3.518e+20
3.89e+20
4.248e+20
4.584e+20
4.902e+20
5.2e+20
5.476e+20
5.718e+20
5.924e+20
6.092e+20
6.226e+20
6.33e+20
6.41e+20
6.462e+20
6.482e+20
6.462e+20
6.41e+20
6.33e+20
6.226e+20
6.092e+20
5.924e+20
5.718e+20
5.476e+20
5.2e+20
4.902e+20
4.584e+20
4.248e+20
3.89e+20
3.518e+20
3.136e+20
2.756e+20
2.382e+20
2.018e+20
1.672e+20
1.3464e+20
1.047e+20
7.82e+19
5.59e+19
3.786e+19
2.1267e+19
1.08e+19
