9.56e+21
1.8853e+22
3.3532e+22
4.942e+22
6.916e+22
9.242e+22
1.1852e+23
1.468e+23
1.768e+23
2.08e+23
2.4e+23
2.724e+23
3.048e+23
3.362e+23
3.662e+23
3.942e+23
4.204e+23
4.448e+23
4.672e+23
4.868e+23
5.032e+23
5.166e+23
5.272e+23
5.354e+23
5.416e+23
5.458e+23
5.474e+23
5.458e+23
5.416e+23
5.354e+23
5.272e+23
5.166e+23
5.032e+23
4.868e+23
4.672e+23
4.448e+23
4.204e+23
3.942e+23
3.662e+23
3.362e+23
3.048e+23
2.724e+23
2.4e+23
2.08e+23
1.768e+23
1.468e+23
1.1852e+23
9.242e+22
6.916e+22
4.942e+22
3.3532e+22
1.8853e+22
9.56e+21
