1.44e+25
2.5367e+25
3.858e+25
5.094e+25
6.272e+25
7.248e+25
7.896e+25
8.192e+25
8.134e+25
7.81e+25
7.246e+25
6.59e+25
5.868e+25
5.152e+25
4.478e+25
3.86e+25
3.332e+25
2.888e+25
2.532e+25
2.242e+25
2.014e+25
1.836e+25
1.702e+25
1.606e+25
1.544e+25
1.51e+25
1.5e+25
1.51e+25
1.544e+25
1.606e+25
1.702e+25
1.836e+25
2.014e+25
2.242e+25
2.532e+25
2.888e+25
3.332e+25
3.86e+25
4.478e+25
5.152e+25
5.868e+25
6.59e+25
7.246e+25
7.81e+25
8.134e+25
8.192e+25
7.896e+25
7.248e+25
6.272e+25
5.094e+25
3.858e+25
2.5367e+25
1.44e+25
