3.26e+25
5.6467e+25
8.168e+25
1.0436e+26
1.233e+26
1.352e+26
1.396e+26
1.362e+26
1.2654e+26
1.1338e+26
9.798e+25
8.294e+25
6.92e+25
5.726e+25
4.752e+25
3.976e+25
3.382e+25
2.93e+25
2.588e+25
2.33e+25
2.138e+25
1.994e+25
1.888e+25
1.814e+25
1.764e+25
1.736e+25
1.726e+25
1.736e+25
1.764e+25
1.814e+25
1.888e+25
1.994e+25
2.138e+25
2.33e+25
2.588e+25
2.93e+25
3.382e+25
3.976e+25
4.752e+25
5.726e+25
6.92e+25
8.294e+25
9.798e+25
1.1338e+26
1.2654e+26
1.362e+26
1.396e+26
1.352e+26
1.233e+26
1.0436e+26
8.168e+25
5.6467e+25
3.26e+25
