4.22e+20
8.33e+20
1.4578e+21
2.1294e+21
2.926e+21
3.826e+21
4.806e+21
5.832e+21
6.876e+21
7.918e+21
8.936e+21
9.902e+21
1.0812e+22
1.1672e+22
1.246e+22
1.316e+22
1.38e+22
1.436e+22
1.482e+22
1.522e+22
1.556e+22
1.584e+22
1.606e+22
1.624e+22
1.638e+22
1.646e+22
1.648e+22
1.646e+22
1.638e+22
1.624e+22
1.606e+22
1.584e+22
1.556e+22
1.522e+22
1.482e+22
1.436e+22
1.38e+22
1.316e+22
1.246e+22
1.1672e+22
1.0812e+22
9.902e+21
8.936e+21
7.918e+21
6.876e+21
5.832e+21
4.806e+21
3.826e+21
2.926e+21
2.1294e+21
1.4578e+21
8.33e+20
4.22e+20
