6.63e+24
1.2243e+25
1.9166e+25
2.588e+25
3.25e+25
3.83e+25
4.274e+25
4.542e+25
4.63e+25
4.57e+25
4.374e+25
4.098e+25
3.778e+25
3.44e+25
3.116e+25
2.816e+25
2.558e+25
2.338e+25
2.156e+25
2.006e+25
1.888e+25
1.796e+25
1.726e+25
1.676e+25
1.642e+25
1.622e+25
1.616e+25
1.622e+25
1.642e+25
1.676e+25
1.726e+25
1.796e+25
1.888e+25
2.006e+25
2.156e+25
2.338e+25
2.558e+25
2.816e+25
3.116e+25
3.44e+25
3.778e+25
4.098e+25
4.374e+25
4.57e+25
4.63e+25
4.542e+25
4.274e+25
3.83e+25
3.25e+25
2.588e+25
1.9166e+25
1.2243e+25
6.63e+24
