2.28e+24
4.2433e+24
6.908e+24
9.572e+24
1.2408e+25
1.5162e+25
1.76e+25
1.956e+25
2.094e+25
2.174e+25
2.2e+25
2.182e+25
2.13e+25
2.052e+25
1.962e+25
1.864e+25
1.772e+25
1.684e+25
1.606e+25
1.54e+25
1.484e+25
1.438e+25
1.402e+25
1.376e+25
1.358e+25
1.348e+25
1.344e+25
1.348e+25
1.358e+25
1.376e+25
1.402e+25
1.438e+25
1.484e+25
1.54e+25
1.606e+25
1.684e+25
1.772e+25
1.864e+25
1.962e+25
2.052e+25
2.13e+25
2.182e+25
2.2e+25
2.174e+25
2.094e+25
1.956e+25
1.76e+25
1.5162e+25
1.2408e+25
9.572e+24
6.908e+24
4.2433e+24
2.28e+24
