2.61e+17
5.1433e+17
9.006e+17
1.3144e+18
1.8076e+18
2.364e+18
2.968e+18
3.602e+18
4.248e+18
4.892e+18
5.52e+18
6.12e+18
6.688e+18
7.216e+18
7.704e+18
8.14e+18
8.53e+18
8.868e+18
9.162e+18
9.408e+18
9.618e+18
9.8e+18
9.952e+18
1.0058e+19
1.0152e+19
1.02e+19
1.022e+19
1.02e+19
1.0152e+19
1.0058e+19
9.952e+18
9.8e+18
9.618e+18
9.408e+18
9.162e+18
8.868e+18
8.53e+18
8.14e+18
7.704e+18
7.216e+18
6.688e+18
6.12e+18
5.52e+18
4.892e+18
4.248e+18
3.602e+18
2.968e+18
2.364e+18
1.8076e+18
1.3144e+18
9.006e+17
5.1433e+17
2.61e+17
