2.04e+25
3.6133e+25
5.372e+25
6.984e+25
8.416e+25
9.444e+25
9.996e+25
1.0026e+26
9.604e+25
8.878e+25
7.928e+25
6.93e+25
5.962e+25
5.08e+25
4.328e+25
3.706e+25
3.212e+25
2.822e+25
2.52e+25
2.288e+25
2.11e+25
1.978e+25
1.882e+25
1.812e+25
1.766e+25
1.74e+25
1.732e+25
1.74e+25
1.766e+25
1.812e+25
1.882e+25
1.978e+25
2.11e+25
2.288e+25
2.52e+25
2.822e+25
3.212e+25
3.706e+25
4.328e+25
5.08e+25
5.962e+25
6.93e+25
7.928e+25
8.878e+25
9.604e+25
1.0026e+26
9.996e+25
9.444e+25
8.416e+25
6.984e+25
5.372e+25
3.6133e+25
2.04e+25
