1.3e+22
2.5633e+22
4.484e+22
6.544e+22
8.972e+22
1.1726e+23
1.4692e+23
1.78e+23
2.094e+23
2.406e+23
2.706e+23
2.994e+23
3.262e+23
3.51e+23
3.74e+23
3.944e+23
4.122e+23
4.278e+23
4.412e+23
4.522e+23
4.616e+23
4.694e+23
4.756e+23
4.806e+23
4.844e+23
4.868e+23
4.876e+23
4.868e+23
4.844e+23
4.806e+23
4.756e+23
4.694e+23
4.616e+23
4.522e+23
4.412e+23
4.278e+23
4.122e+23
3.944e+23
3.74e+23
3.51e+23
3.262e+23
2.994e+23
2.706e+23
2.406e+23
2.094e+23
1.78e+23
1.4692e+23
1.1726e+23
8.972e+22
6.544e+22
4.484e+22
2.5633e+22
1.3e+22
