1.7e+25
3.03e+25
4.55e+25
5.964e+25
7.242e+25
8.204e+25
8.764e+25
8.88e+25
8.592e+25
8.032e+25
7.254e+25
6.418e+25
5.588e+25
4.816e+25
4.146e+25
3.582e+25
3.128e+25
2.766e+25
2.482e+25
2.26e+25
2.09e+25
1.962e+25
1.868e+25
1.802e+25
1.758e+25
1.734e+25
1.726e+25
1.734e+25
1.758e+25
1.802e+25
1.868e+25
1.962e+25
2.09e+25
2.26e+25
2.482e+25
2.766e+25
3.128e+25
3.582e+25
4.146e+25
4.816e+25
5.588e+25
6.418e+25
7.254e+25
8.032e+25
8.592e+25
8.88e+25
8.764e+25
8.204e+25
7.242e+25
5.964e+25
4.55e+25
3.03e+25
1.7e+25
