1.39e+25
2.5e+25
3.794e+25
5.008e+25
6.128e+25
7.006e+25
7.558e+25
7.74e+25
7.578e+25
7.17e+25
6.558e+25
5.876e+25
5.18e+25
4.516e+25
3.93e+25
3.428e+25
3.018e+25
2.686e+25
2.424e+25
2.218e+25
2.06e+25
1.94e+25
1.852e+25
1.788e+25
1.746e+25
1.72e+25
1.712e+25
1.72e+25
1.746e+25
1.788e+25
1.852e+25
1.94e+25
2.06e+25
2.218e+25
2.424e+25
2.686e+25
3.018e+25
3.428e+25
3.93e+25
4.516e+25
5.18e+25
5.876e+25
6.558e+25
7.17e+25
7.578e+25
7.74e+25
7.558e+25
7.006e+25
6.128e+25
5.008e+25
3.794e+25
2.5e+25
1.39e+25
