2.84e+13
5.5367e+13
9.822e+13
1.4454e+14
2.0076e+14
2.658e+14
3.376e+14
4.148e+14
4.958e+14
5.798e+14
6.648e+14
7.49e+14
8.312e+14
9.102e+14
9.858e+14
1.0584e+15
1.1278e+15
1.192e+15
1.25e+15
1.302e+15
1.35e+15
1.394e+15
1.434e+15
1.472e+15
1.506e+15
1.534e+15
1.558e+15
1.58e+15
1.6e+15
1.618e+15
1.632e+15
1.644e+15
1.652e+15
1.658e+15
1.664e+15
1.67e+15
1.674e+15
1.676e+15
1.674e+15
1.67e+15
1.664e+15
1.658e+15
1.652e+15
1.644e+15
1.632e+15
1.618e+15
1.6e+15
1.58e+15
1.558e+15
1.534e+15
1.506e+15
1.472e+15
1.434e+15
1.394e+15
1.35e+15
1.302e+15
1.25e+15
1.192e+15
1.1278e+15
1.0584e+15
9.858e+14
9.102e+14
8.312e+14
7.49e+14
6.648e+14
5.798e+14
4.958e+14
4.148e+14
3.376e+14
2.658e+14
2.0076e+14
1.4454e+14
9.822e+13
5.5367e+13
2.84e+13
