2.72e+25
4.6833e+25
6.896e+25
8.892e+25
1.0662e+26
1.1926e+26
1.256e+26
1.254e+26
1.1966e+26
1.1018e+26
9.796e+25
8.538e+25
7.296e+25
6.154e+25
5.15e+25
4.288e+25
3.576e+25
2.996e+25
2.534e+25
2.158e+25
1.856e+25
1.608e+25
1.406e+25
1.2374e+25
1.0994e+25
9.83e+24
8.844e+24
8e+24
7.282e+24
6.674e+24
6.158e+24
5.728e+24
5.376e+24
5.096e+24
4.884e+24
4.74e+24
4.656e+24
4.628e+24
4.656e+24
4.74e+24
4.884e+24
5.096e+24
5.376e+24
5.728e+24
6.158e+24
6.674e+24
7.282e+24
8e+24
8.844e+24
9.83e+24
1.0994e+25
1.2374e+25
1.406e+25
1.608e+25
1.856e+25
2.158e+25
2.534e+25
2.996e+25
3.576e+25
4.288e+25
5.15e+25
6.154e+25
7.296e+25
8.538e+25
9.796e+25
1.1018e+26
1.1966e+26
1.254e+26
1.256e+26
1.1926e+26
1.0662e+26
8.892e+25
6.896e+25
4.6833e+25
2.72e+25
