2.35e+25
4.0667e+25
6.028e+25
7.818e+25
9.424e+25
1.0608e+26
1.1268e+26
1.136e+26
1.0934e+26
1.0168e+26
9.136e+25
8.028e+25
6.912e+25
5.88e+25
4.96e+25
4.16e+25
3.492e+25
2.944e+25
2.502e+25
2.14e+25
1.846e+25
1.604e+25
1.404e+25
1.2382e+25
1.1014e+25
9.862e+24
8.892e+24
8.064e+24
7.354e+24
6.75e+24
6.24e+24
5.812e+24
5.462e+24
5.184e+24
4.976e+24
4.832e+24
4.75e+24
4.722e+24
4.75e+24
4.832e+24
4.976e+24
5.184e+24
5.462e+24
5.812e+24
6.24e+24
6.75e+24
7.354e+24
8.064e+24
8.892e+24
9.862e+24
1.1014e+25
1.2382e+25
1.404e+25
1.604e+25
1.846e+25
2.14e+25
2.502e+25
2.944e+25
3.492e+25
4.16e+25
4.96e+25
5.88e+25
6.912e+25
8.028e+25
9.136e+25
1.0168e+26
1.0934e+26
1.136e+26
1.1268e+26
1.0608e+26
9.424e+25
7.818e+25
6.028e+25
4.0667e+25
2.35e+25
