6.89e+24
1.2463e+25
1.9578e+25
2.64e+25
3.328e+25
3.944e+25
4.422e+25
4.732e+25
4.86e+25
4.828e+25
4.65e+25
4.382e+25
4.046e+25
3.678e+25
3.304e+25
2.938e+25
2.602e+25
2.3e+25
2.036e+25
1.806e+25
1.608e+25
1.436e+25
1.288e+25
1.162e+25
1.0542e+25
9.608e+24
8.816e+24
8.124e+24
7.526e+24
7.014e+24
6.578e+24
6.21e+24
5.906e+24
5.664e+24
5.482e+24
5.356e+24
5.284e+24
5.26e+24
5.284e+24
5.356e+24
5.482e+24
5.664e+24
5.906e+24
6.21e+24
6.578e+24
7.014e+24
7.526e+24
8.124e+24
8.816e+24
9.608e+24
1.0542e+25
1.162e+25
1.288e+25
1.436e+25
1.608e+25
1.806e+25
2.036e+25
2.3e+25
2.602e+25
2.938e+25
3.304e+25
3.678e+25
4.046e+25
4.382e+25
4.65e+25
4.828e+25
4.86e+25
4.732e+25
4.422e+25
3.944e+25
3.328e+25
2.64e+25
1.9578e+25
1.2463e+25
6.89e+24
