2.41e+15
4.69e+15
8.334e+15
1.2252e+16
1.703e+16
2.254e+16
2.862e+16
3.516e+16
4.204e+16
4.914e+16
5.634e+16
6.348e+16
7.044e+16
7.712e+16
8.354e+16
8.956e+16
9.528e+16
1.0072e+17
1.0576e+17
1.102e+17
1.144e+17
1.182e+17
1.216e+17
1.248e+17
1.276e+17
1.3e+17
1.322e+17
1.34e+17
1.356e+17
1.372e+17
1.384e+17
1.394e+17
1.402e+17
1.408e+17
1.412e+17
1.416e+17
1.418e+17
1.42e+17
1.418e+17
1.416e+17
1.412e+17
1.408e+17
1.402e+17
1.394e+17
1.384e+17
1.372e+17
1.356e+17
1.34e+17
1.322e+17
1.3e+17
1.276e+17
1.248e+17
1.216e+17
1.182e+17
1.144e+17
1.102e+17
1.0576e+17
1.0072e+17
9.528e+16
8.956e+16
8.354e+16
7.712e+16
7.044e+16
6.348e+16
5.634e+16
4.914e+16
4.204e+16
3.516e+16
2.862e+16
2.254e+16
1.703e+16
1.2252e+16
8.334e+15
4.69e+15
2.41e+15
