2.04e+17
3.9733e+17
7.052e+17
1.0384e+18
1.4434e+18
1.9108e+18
2.426e+18
2.98e+18
3.56e+18
4.162e+18
4.772e+18
5.376e+18
5.966e+18
6.534e+18
7.078e+18
7.592e+18
8.084e+18
8.538e+18
8.956e+18
9.332e+18
9.676e+18
9.994e+18
1.03e+19
1.058e+19
1.082e+19
1.104e+19
1.122e+19
1.136e+19
1.15e+19
1.162e+19
1.172e+19
1.18e+19
1.186e+19
1.19e+19
1.196e+19
1.2e+19
1.204e+19
1.206e+19
1.204e+19
1.2e+19
1.196e+19
1.19e+19
1.186e+19
1.18e+19
1.172e+19
1.162e+19
1.15e+19
1.136e+19
1.122e+19
1.104e+19
1.082e+19
1.058e+19
1.03e+19
9.994e+18
9.676e+18
9.332e+18
8.956e+18
8.538e+18
8.084e+18
7.592e+18
7.078e+18
6.534e+18
5.966e+18
5.376e+18
4.772e+18
4.162e+18
3.56e+18
2.98e+18
2.426e+18
1.9108e+18
1.4434e+18
1.0384e+18
7.052e+17
3.9733e+17
2.04e+17
