3.66e+24
6.7633e+24
1.0858e+25
1.4886e+25
1.91e+25
2.312e+25
2.654e+25
2.914e+25
3.076e+25
3.146e+25
3.122e+25
3.034e+25
2.888e+25
2.706e+25
2.502e+25
2.288e+25
2.08e+25
1.884e+25
1.706e+25
1.544e+25
1.4e+25
1.272e+25
1.1584e+25
1.0582e+25
9.73e+24
8.984e+24
8.318e+24
7.744e+24
7.244e+24
6.812e+24
6.442e+24
6.128e+24
5.868e+24
5.658e+24
5.5e+24
5.39e+24
5.328e+24
5.306e+24
5.328e+24
5.39e+24
5.5e+24
5.658e+24
5.868e+24
6.128e+24
6.442e+24
6.812e+24
7.244e+24
7.744e+24
8.318e+24
8.984e+24
9.73e+24
1.0582e+25
1.1584e+25
1.272e+25
1.4e+25
1.544e+25
1.706e+25
1.884e+25
2.08e+25
2.288e+25
2.502e+25
2.706e+25
2.888e+25
3.034e+25
3.122e+25
3.146e+25
3.076e+25
2.914e+25
2.654e+25
2.312e+25
1.91e+25
1.4886e+25
1.0858e+25
6.7633e+24
3.66e+24
