8.48e+23
1.5993e+24
2.6916e+24
3.802e+24
5.052e+24
6.36e+24
7.62e+24
8.778e+24
9.758e+24
1.0534e+25
1.107e+25
1.14e+25
1.152e+25
1.146e+25
1.126e+25
1.094e+25
1.054e+25
1.0084e+25
9.61e+24
9.118e+24
8.636e+24
8.174e+24
7.734e+24
7.324e+24
6.95e+24
6.612e+24
6.304e+24
6.024e+24
5.776e+24
5.56e+24
5.368e+24
5.202e+24
5.064e+24
4.952e+24
4.864e+24
4.804e+24
4.77e+24
4.76e+24
4.77e+24
4.804e+24
4.864e+24
4.952e+24
5.064e+24
5.202e+24
5.368e+24
5.56e+24
5.776e+24
6.024e+24
6.304e+24
6.612e+24
6.95e+24
7.324e+24
7.734e+24
8.174e+24
8.636e+24
9.118e+24
9.61e+24
1.0084e+25
1.054e+25
1.094e+25
1.126e+25
1.146e+25
1.152e+25
1.14e+25
1.107e+25
1.0534e+25
9.758e+24
8.778e+24
7.62e+24
6.36e+24
5.052e+24
3.802e+24
2.6916e+24
1.5993e+24
8.48e+23
