2.45e+24
4.5733e+24
7.464e+24
1.0334e+25
1.339e+25
1.64e+25
1.908e+25
2.126e+25
2.28e+25
2.372e+25
2.396e+25
2.368e+25
2.296e+25
2.188e+25
2.058e+25
1.916e+25
1.77e+25
1.626e+25
1.494e+25
1.37e+25
1.256e+25
1.1538e+25
1.0616e+25
9.79e+24
9.074e+24
8.44e+24
7.88e+24
7.386e+24
6.954e+24
6.578e+24
6.254e+24
5.98e+24
5.75e+24
5.564e+24
5.424e+24
5.326e+24
5.27e+24
5.252e+24
5.27e+24
5.326e+24
5.424e+24
5.564e+24
5.75e+24
5.98e+24
6.254e+24
6.578e+24
6.954e+24
7.386e+24
7.88e+24
8.44e+24
9.074e+24
9.79e+24
1.0616e+25
1.1538e+25
1.256e+25
1.37e+25
1.494e+25
1.626e+25
1.77e+25
1.916e+25
2.058e+25
2.188e+25
2.296e+25
2.368e+25
2.396e+25
2.372e+25
2.28e+25
2.126e+25
1.908e+25
1.64e+25
1.339e+25
1.0334e+25
7.464e+24
4.5733e+24
2.45e+24
