4.01e+23
7.5533e+23
1.2912e+24
1.849e+24
2.49e+24
3.178e+24
3.87e+24
4.532e+24
5.136e+24
5.664e+24
6.098e+24
6.432e+24
6.666e+24
6.804e+24
6.864e+24
6.85e+24
6.784e+24
6.666e+24
6.512e+24
6.326e+24
6.126e+24
5.922e+24
5.718e+24
5.518e+24
5.328e+24
5.148e+24
4.978e+24
4.822e+24
4.684e+24
4.56e+24
4.448e+24
4.35e+24
4.268e+24
4.2e+24
4.15e+24
4.118e+24
4.1e+24
4.094e+24
4.1e+24
4.118e+24
4.15e+24
4.2e+24
4.268e+24
4.35e+24
4.448e+24
4.56e+24
4.684e+24
4.822e+24
4.978e+24
5.148e+24
5.328e+24
5.518e+24
5.718e+24
5.922e+24
6.126e+24
6.326e+24
6.512e+24
6.666e+24
6.784e+24
6.85e+24
6.864e+24
6.804e+24
6.666e+24
6.432e+24
6.098e+24
5.664e+24
5.136e+24
4.532e+24
3.87e+24
3.178e+24
2.49e+24
1.849e+24
1.2912e+24
7.5533e+23
4.01e+23
