2e+25
3.4867e+25
5.212e+25
6.794e+25
8.248e+25
9.362e+25
1.0016e+26
1.0182e+26
9.898e+25
9.288e+25
8.42e+25
7.478e+25
6.506e+25
5.586e+25
4.752e+25
4.016e+25
3.394e+25
2.876e+25
2.454e+25
2.108e+25
1.826e+25
1.592e+25
1.398e+25
1.237e+25
1.1032e+25
9.894e+24
8.938e+24
8.126e+24
7.426e+24
6.83e+24
6.324e+24
5.902e+24
5.554e+24
5.278e+24
5.07e+24
4.928e+24
4.844e+24
4.818e+24
4.844e+24
4.928e+24
5.07e+24
5.278e+24
5.554e+24
5.902e+24
6.324e+24
6.83e+24
7.426e+24
8.126e+24
8.938e+24
9.894e+24
1.1032e+25
1.237e+25
1.398e+25
1.592e+25
1.826e+25
2.108e+25
2.454e+25
2.876e+25
3.394e+25
4.016e+25
4.752e+25
5.586e+25
6.506e+25
7.478e+25
8.42e+25
9.288e+25
9.898e+25
1.0182e+26
1.0016e+26
9.362e+25
8.248e+25
6.794e+25
5.212e+25
3.4867e+25
2e+25
