1.43e+23
2.7167e+23
4.716e+23
6.83e+23
9.33e+23
1.2086e+24
1.4974e+24
1.79e+24
2.074e+24
2.342e+24
2.588e+24
2.804e+24
2.986e+24
3.134e+24
3.252e+24
3.34e+24
3.404e+24
3.442e+24
3.46e+24
3.458e+24
3.442e+24
3.416e+24
3.384e+24
3.344e+24
3.3e+24
3.252e+24
3.204e+24
3.156e+24
3.114e+24
3.074e+24
3.038e+24
3.004e+24
2.974e+24
2.948e+24
2.932e+24
2.922e+24
2.918e+24
2.916e+24
2.918e+24
2.922e+24
2.932e+24
2.948e+24
2.974e+24
3.004e+24
3.038e+24
3.074e+24
3.114e+24
3.156e+24
3.204e+24
3.252e+24
3.3e+24
3.344e+24
3.384e+24
3.416e+24
3.442e+24
3.458e+24
3.46e+24
3.442e+24
3.404e+24
3.34e+24
3.252e+24
3.134e+24
2.986e+24
2.804e+24
2.588e+24
2.342e+24
2.074e+24
1.79e+24
1.4974e+24
1.2086e+24
9.33e+23
6.83e+23
4.716e+23
2.7167e+23
1.43e+23
