1.35e+21
2.62e+21
4.644e+21
6.834e+21
9.492e+21
1.2552e+22
1.5936e+22
1.958e+22
2.338e+22
2.732e+22
3.13e+22
3.524e+22
3.906e+22
4.274e+22
4.626e+22
4.96e+22
5.276e+22
5.568e+22
5.836e+22
6.076e+22
6.296e+22
6.498e+22
6.686e+22
6.856e+22
7.008e+22
7.138e+22
7.248e+22
7.344e+22
7.43e+22
7.504e+22
7.566e+22
7.616e+22
7.652e+22
7.682e+22
7.71e+22
7.734e+22
7.752e+22
7.76e+22
7.752e+22
7.734e+22
7.71e+22
7.682e+22
7.652e+22
7.616e+22
7.566e+22
7.504e+22
7.43e+22
7.344e+22
7.248e+22
7.138e+22
7.008e+22
6.856e+22
6.686e+22
6.498e+22
6.296e+22
6.076e+22
5.836e+22
5.568e+22
5.276e+22
4.96e+22
4.626e+22
4.274e+22
3.906e+22
3.524e+22
3.13e+22
2.732e+22
2.338e+22
1.958e+22
1.5936e+22
1.2552e+22
9.492e+21
6.834e+21
4.644e+21
2.62e+21
1.35e+21
