1.68e+25
2.95e+25
4.446e+25
5.832e+25
7.128e+25
8.152e+25
8.794e+25
9.024e+25
8.856e+25
8.394e+25
7.692e+25
6.904e+25
6.068e+25
5.262e+25
4.518e+25
3.852e+25
3.282e+25
2.8e+25
2.404e+25
2.076e+25
1.804e+25
1.578e+25
1.39e+25
1.2334e+25
1.1024e+25
9.916e+24
8.972e+24
8.174e+24
7.486e+24
6.9e+24
6.402e+24
5.986e+24
5.644e+24
5.37e+24
5.164e+24
5.024e+24
4.942e+24
4.914e+24
4.942e+24
5.024e+24
5.164e+24
5.37e+24
5.644e+24
5.986e+24
6.402e+24
6.9e+24
7.486e+24
8.174e+24
8.972e+24
9.916e+24
1.1024e+25
1.2334e+25
1.39e+25
1.578e+25
1.804e+25
2.076e+25
2.404e+25
2.8e+25
3.282e+25
3.852e+25
4.518e+25
5.262e+25
6.068e+25
6.904e+25
7.692e+25
8.394e+25
8.856e+25
9.024e+25
8.794e+25
8.152e+25
7.128e+25
5.832e+25
4.446e+25
2.95e+25
1.68e+25
