1.53e+24
2.87e+24
4.742e+24
6.616e+24
8.668e+24
1.076e+25
1.2698e+25
1.438e+25
1.57e+25
1.662e+25
1.712e+25
1.726e+25
1.706e+25
1.66e+25
1.596e+25
1.514e+25
1.426e+25
1.336e+25
1.248e+25
1.1614e+25
1.0808e+25
1.006e+25
9.364e+24
8.73e+24
8.174e+24
7.68e+24
7.236e+24
6.84e+24
6.492e+24
6.188e+24
5.924e+24
5.7e+24
5.512e+24
5.358e+24
5.24e+24
5.158e+24
5.11e+24
5.094e+24
5.11e+24
5.158e+24
5.24e+24
5.358e+24
5.512e+24
5.7e+24
5.924e+24
6.188e+24
6.492e+24
6.84e+24
7.236e+24
7.68e+24
8.174e+24
8.73e+24
9.364e+24
1.006e+25
1.0808e+25
1.1614e+25
1.248e+25
1.336e+25
1.426e+25
1.514e+25
1.596e+25
1.66e+25
1.706e+25
1.726e+25
1.712e+25
1.662e+25
1.57e+25
1.438e+25
1.2698e+25
1.076e+25
8.668e+24
6.616e+24
4.742e+24
2.87e+24
1.53e+24
