8.93e+24
1.6077e+25
2.4926e+25
3.336e+25
4.166e+25
4.888e+25
5.422e+25
5.736e+25
5.818e+25
5.708e+25
5.424e+25
5.044e+25
4.594e+25
4.12e+25
3.652e+25
3.208e+25
2.81e+25
2.458e+25
2.158e+25
1.9e+25
1.678e+25
1.488e+25
1.328e+25
1.191e+25
1.0754e+25
9.772e+24
8.926e+24
8.196e+24
7.566e+24
7.026e+24
6.568e+24
6.184e+24
5.866e+24
5.612e+24
5.422e+24
5.292e+24
5.216e+24
5.19e+24
5.216e+24
5.292e+24
5.422e+24
5.612e+24
5.866e+24
6.184e+24
6.568e+24
7.026e+24
7.566e+24
8.196e+24
8.926e+24
9.772e+24
1.0754e+25
1.191e+25
1.328e+25
1.488e+25
1.678e+25
1.9e+25
2.158e+25
2.458e+25
2.81e+25
3.208e+25
3.652e+25
4.12e+25
4.594e+25
5.044e+25
5.424e+25
5.708e+25
5.818e+25
5.736e+25
5.422e+25
4.888e+25
4.166e+25
3.336e+25
2.4926e+25
1.6077e+25
8.93e+24
