5.13e+24
9.3667e+24
1.488e+25
2.0234e+25
2.572e+25
3.08e+25
3.494e+25
3.786e+25
3.94e+25
3.97e+25
3.88e+25
3.71e+25
3.476e+25
3.204e+25
2.918e+25
2.63e+25
2.358e+25
2.108e+25
1.888e+25
1.69e+25
1.516e+25
1.364e+25
1.232e+25
1.117e+25
1.0196e+25
9.354e+24
8.622e+24
7.978e+24
7.424e+24
6.948e+24
6.542e+24
6.2e+24
5.916e+24
5.688e+24
5.514e+24
5.396e+24
5.326e+24
5.302e+24
5.326e+24
5.396e+24
5.514e+24
5.688e+24
5.916e+24
6.2e+24
6.542e+24
6.948e+24
7.424e+24
7.978e+24
8.622e+24
9.354e+24
1.0196e+25
1.117e+25
1.232e+25
1.364e+25
1.516e+25
1.69e+25
1.888e+25
2.108e+25
2.358e+25
2.63e+25
2.918e+25
3.204e+25
3.476e+25
3.71e+25
3.88e+25
3.97e+25
3.94e+25
3.786e+25
3.494e+25
3.08e+25
2.572e+25
2.0234e+25
1.488e+25
9.3667e+24
5.13e+24
