2.93e+22
5.6633e+22
9.978e+22
1.4612e+23
2.017e+23
2.652e+23
3.342e+23
4.068e+23
4.81e+23
5.56e+23
6.296e+23
7e+23
7.66e+23
8.27e+23
8.83e+23
9.342e+23
9.798e+23
1.0204e+24
1.055e+24
1.084e+24
1.108e+24
1.13e+24
1.148e+24
1.164e+24
1.176e+24
1.184e+24
1.19e+24
1.194e+24
1.196e+24
1.198e+24
1.2e+24
1.2e+24
1.2e+24
1.2e+24
1.202e+24
1.204e+24
1.206e+24
1.206e+24
1.206e+24
1.204e+24
1.202e+24
1.2e+24
1.2e+24
1.2e+24
1.2e+24
1.198e+24
1.196e+24
1.194e+24
1.19e+24
1.184e+24
1.176e+24
1.164e+24
1.148e+24
1.13e+24
1.108e+24
1.084e+24
1.055e+24
1.0204e+24
9.798e+23
9.342e+23
8.83e+23
8.27e+23
7.66e+23
7e+23
6.296e+23
5.56e+23
4.81e+23
4.068e+23
3.342e+23
2.652e+23
2.017e+23
1.4612e+23
9.978e+22
5.6633e+22
2.93e+22
