1.73e+19
3.3633e+19
5.972e+19
8.786e+19
1.2208e+20
1.6154e+20
2.052e+20
2.52e+20
3.012e+20
3.522e+20
4.038e+20
4.55e+20
5.05e+20
5.53e+20
5.99e+20
6.428e+20
6.842e+20
7.226e+20
7.58e+20
7.9e+20
8.194e+20
8.466e+20
8.718e+20
8.948e+20
9.154e+20
9.328e+20
9.478e+20
9.61e+20
9.726e+20
9.826e+20
9.924e+20
9.998e+20
1.0048e+21
1.01e+21
1.014e+21
1.016e+21
1.018e+21
1.02e+21
1.018e+21
1.016e+21
1.014e+21
1.01e+21
1.0048e+21
9.998e+20
9.924e+20
9.826e+20
9.726e+20
9.61e+20
9.478e+20
9.328e+20
9.154e+20
8.948e+20
8.718e+20
8.466e+20
8.194e+20
7.9e+20
7.58e+20
7.226e+20
6.842e+20
6.428e+20
5.99e+20
5.53e+20
5.05e+20
4.55e+20
4.038e+20
3.522e+20
3.012e+20
2.52e+20
2.052e+20
1.6154e+20
1.2208e+20
8.786e+19
5.972e+19
3.3633e+19
1.73e+19
