1.39e+25
2.46e+25
3.74e+25
4.936e+25
6.072e+25
7e+25
7.616e+25
7.89e+25
7.824e+25
7.498e+25
6.95e+25
6.308e+25
5.606e+25
4.912e+25
4.258e+25
3.662e+25
3.146e+25
2.706e+25
2.34e+25
2.032e+25
1.776e+25
1.56e+25
1.378e+25
1.2254e+25
1.0988e+25
9.908e+24
8.994e+24
8.21e+24
7.536e+24
6.962e+24
6.474e+24
6.066e+24
5.728e+24
5.46e+24
5.258e+24
5.12e+24
5.04e+24
5.014e+24
5.04e+24
5.12e+24
5.258e+24
5.46e+24
5.728e+24
6.066e+24
6.474e+24
6.962e+24
7.536e+24
8.21e+24
8.994e+24
9.908e+24
1.0988e+25
1.2254e+25
1.378e+25
1.56e+25
1.776e+25
2.032e+25
2.34e+25
2.706e+25
3.146e+25
3.662e+25
4.258e+25
4.912e+25
5.606e+25
6.308e+25
6.95e+25
7.498e+25
7.824e+25
7.89e+25
7.616e+25
7e+25
6.072e+25
4.936e+25
3.74e+25
2.46e+25
1.39e+25
