1.13e+25
2.01e+25
3.086e+25
4.1e+25
5.082e+25
5.91e+25
6.492e+25
6.794e+25
6.81e+25
6.6e+25
6.19e+25
5.684e+25
5.11e+25
4.53e+25
3.97e+25
3.45e+25
2.992e+25
2.594e+25
2.258e+25
1.974e+25
1.734e+25
1.53e+25
1.358e+25
1.2128e+25
1.09e+25
9.862e+24
8.976e+24
8.22e+24
7.564e+24
7.006e+24
6.532e+24
6.134e+24
5.806e+24
5.544e+24
5.346e+24
5.21e+24
5.13e+24
5.104e+24
5.13e+24
5.21e+24
5.346e+24
5.544e+24
5.806e+24
6.134e+24
6.532e+24
7.006e+24
7.564e+24
8.22e+24
8.976e+24
9.862e+24
1.09e+25
1.2128e+25
1.358e+25
1.53e+25
1.734e+25
1.974e+25
2.258e+25
2.594e+25
2.992e+25
3.45e+25
3.97e+25
4.53e+25
5.11e+25
5.684e+25
6.19e+25
6.6e+25
6.81e+25
6.794e+25
6.492e+25
5.91e+25
5.082e+25
4.1e+25
3.086e+25
2.01e+25
1.13e+25
