2.1e+25
3.6467e+25
5.43e+25
7.07e+25
8.578e+25
9.742e+25
1.0424e+26
1.0602e+26
1.0306e+26
9.676e+25
8.764e+25
7.78e+25
6.758e+25
5.794e+25
4.92e+25
4.146e+25
3.506e+25
2.982e+25
2.57e+25
2.244e+25
1.992e+25
1.8e+25
1.656e+25
1.554e+25
1.488e+25
1.452e+25
1.44e+25
1.452e+25
1.488e+25
1.554e+25
1.656e+25
1.8e+25
1.992e+25
2.244e+25
2.57e+25
2.982e+25
3.506e+25
4.146e+25
4.92e+25
5.794e+25
6.758e+25
7.78e+25
8.764e+25
9.676e+25
1.0306e+26
1.0602e+26
1.0424e+26
9.742e+25
8.578e+25
7.07e+25
5.43e+25
3.6467e+25
2.1e+25
