1.75e+25
3.0667e+25
4.614e+25
6.052e+25
7.392e+25
8.468e+25
9.136e+25
9.382e+25
9.212e+25
8.744e+25
8.01e+25
7.198e+25
6.328e+25
5.488e+25
4.714e+25
4.018e+25
3.432e+25
2.946e+25
2.56e+25
2.252e+25
2.01e+25
1.824e+25
1.684e+25
1.584e+25
1.518e+25
1.482e+25
1.47e+25
1.482e+25
1.518e+25
1.584e+25
1.684e+25
1.824e+25
2.01e+25
2.252e+25
2.56e+25
2.946e+25
3.432e+25
4.018e+25
4.714e+25
5.488e+25
6.328e+25
7.198e+25
8.01e+25
8.744e+25
9.212e+25
9.382e+25
9.136e+25
8.468e+25
7.392e+25
6.052e+25
4.614e+25
3.0667e+25
1.75e+25
