1.61e+24
2.98e+24
4.91e+24
6.868e+24
9.038e+24
1.1302e+25
1.3422e+25
1.53e+25
1.682e+25
1.796e+25
1.866e+25
1.9e+25
1.9e+25
1.87e+25
1.82e+25
1.752e+25
1.678e+25
1.6e+25
1.526e+25
1.454e+25
1.388e+25
1.33e+25
1.282e+25
1.246e+25
1.222e+25
1.208e+25
1.204e+25
1.208e+25
1.222e+25
1.246e+25
1.282e+25
1.33e+25
1.388e+25
1.454e+25
1.526e+25
1.6e+25
1.678e+25
1.752e+25
1.82e+25
1.87e+25
1.9e+25
1.9e+25
1.866e+25
1.796e+25
1.682e+25
1.53e+25
1.3422e+25
1.1302e+25
9.038e+24
6.868e+24
4.91e+24
2.98e+24
1.61e+24
