9.12e+24
1.6373e+25
2.5464e+25
3.414e+25
4.274e+25
5.034e+25
5.602e+25
5.946e+25
6.05e+25
5.958e+25
5.68e+25
5.304e+25
4.854e+25
4.378e+25
3.906e+25
3.454e+25
3.052e+25
2.702e+25
2.412e+25
2.17e+25
1.974e+25
1.818e+25
1.698e+25
1.61e+25
1.552e+25
1.52e+25
1.51e+25
1.52e+25
1.552e+25
1.61e+25
1.698e+25
1.818e+25
1.974e+25
2.17e+25
2.412e+25
2.702e+25
3.052e+25
3.454e+25
3.906e+25
4.378e+25
4.854e+25
5.304e+25
5.68e+25
5.958e+25
6.05e+25
5.946e+25
5.602e+25
5.034e+25
4.274e+25
3.414e+25
2.5464e+25
1.6373e+25
9.12e+24
