5.23e+24
9.48e+24
1.5168e+25
2.0702e+25
2.646e+25
3.184e+25
3.63e+25
3.954e+25
4.136e+25
4.188e+25
4.116e+25
3.958e+25
3.732e+25
3.468e+25
3.188e+25
2.902e+25
2.634e+25
2.388e+25
2.174e+25
1.988e+25
1.834e+25
1.708e+25
1.608e+25
1.534e+25
1.484e+25
1.456e+25
1.446e+25
1.456e+25
1.484e+25
1.534e+25
1.608e+25
1.708e+25
1.834e+25
1.988e+25
2.174e+25
2.388e+25
2.634e+25
2.902e+25
3.188e+25
3.468e+25
3.732e+25
3.958e+25
4.116e+25
4.188e+25
4.136e+25
3.954e+25
3.63e+25
3.184e+25
2.646e+25
2.0702e+25
1.5168e+25
9.48e+24
5.23e+24
