6.45e+15
1.2717e+16
2.229e+16
3.254e+16
4.472e+16
5.848e+16
7.344e+16
8.902e+16
1.0508e+17
1.2096e+17
1.364e+17
1.512e+17
1.654e+17
1.784e+17
1.906e+17
2.016e+17
2.112e+17
2.196e+17
2.268e+17
2.328e+17
2.378e+17
2.422e+17
2.456e+17
2.484e+17
2.506e+17
2.52e+17
2.524e+17
2.52e+17
2.506e+17
2.484e+17
2.456e+17
2.422e+17
2.378e+17
2.328e+17
2.268e+17
2.196e+17
2.112e+17
2.016e+17
1.906e+17
1.784e+17
1.654e+17
1.512e+17
1.364e+17
1.2096e+17
1.0508e+17
8.902e+16
7.344e+16
5.848e+16
4.472e+16
3.254e+16
2.229e+16
1.2717e+16
6.45e+15
