1.12e+25
2.0267e+25
3.104e+25
4.124e+25
5.088e+25
5.87e+25
6.4e+25
6.628e+25
6.572e+25
6.298e+25
5.842e+25
5.306e+25
4.742e+25
4.19e+25
3.692e+25
3.256e+25
2.892e+25
2.594e+25
2.356e+25
2.166e+25
2.018e+25
1.906e+25
1.822e+25
1.76e+25
1.72e+25
1.696e+25
1.688e+25
1.696e+25
1.72e+25
1.76e+25
1.822e+25
1.906e+25
2.018e+25
2.166e+25
2.356e+25
2.594e+25
2.892e+25
3.256e+25
3.692e+25
4.19e+25
4.742e+25
5.306e+25
5.842e+25
6.298e+25
6.572e+25
6.628e+25
6.4e+25
5.87e+25
5.088e+25
4.124e+25
3.104e+25
2.0267e+25
1.12e+25
