1.06e+23
2.0633e+23
3.578e+23
5.188e+23
7.068e+23
9.142e+23
1.1354e+24
1.3602e+24
1.58e+24
1.792e+24
1.99e+24
2.168e+24
2.328e+24
2.47e+24
2.594e+24
2.698e+24
2.786e+24
2.856e+24
2.912e+24
2.956e+24
2.99e+24
3.018e+24
3.042e+24
3.06e+24
3.074e+24
3.084e+24
3.088e+24
3.084e+24
3.074e+24
3.06e+24
3.042e+24
3.018e+24
2.99e+24
2.956e+24
2.912e+24
2.856e+24
2.786e+24
2.698e+24
2.594e+24
2.47e+24
2.328e+24
2.168e+24
1.99e+24
1.792e+24
1.58e+24
1.3602e+24
1.1354e+24
9.142e+23
7.068e+23
5.188e+23
3.578e+23
2.0633e+23
1.06e+23
