1.05e+19
2.08e+19
3.642e+19
5.318e+19
7.314e+19
9.56e+19
1.2014e+20
1.4586e+20
1.72e+20
1.98e+20
2.234e+20
2.476e+20
2.704e+20
2.918e+20
3.116e+20
3.292e+20
3.448e+20
3.586e+20
3.704e+20
3.804e+20
3.888e+20
3.96e+20
4.018e+20
4.064e+20
4.098e+20
4.122e+20
4.13e+20
4.122e+20
4.098e+20
4.064e+20
4.018e+20
3.96e+20
3.888e+20
3.804e+20
3.704e+20
3.586e+20
3.448e+20
3.292e+20
3.116e+20
2.918e+20
2.704e+20
2.476e+20
2.234e+20
1.98e+20
1.72e+20
1.4586e+20
1.2014e+20
9.56e+19
7.314e+19
5.318e+19
3.642e+19
2.08e+19
1.05e+19
