4.84e+24
8.9767e+24
1.4266e+25
1.9418e+25
2.464e+25
2.94e+25
3.324e+25
3.584e+25
3.714e+25
3.728e+25
3.634e+25
3.468e+25
3.254e+25
3.016e+25
2.778e+25
2.548e+25
2.344e+25
2.168e+25
2.018e+25
1.892e+25
1.79e+25
1.71e+25
1.648e+25
1.604e+25
1.574e+25
1.558e+25
1.552e+25
1.558e+25
1.574e+25
1.604e+25
1.648e+25
1.71e+25
1.79e+25
1.892e+25
2.018e+25
2.168e+25
2.344e+25
2.548e+25
2.778e+25
3.016e+25
3.254e+25
3.468e+25
3.634e+25
3.728e+25
3.714e+25
3.584e+25
3.324e+25
2.94e+25
2.464e+25
1.9418e+25
1.4266e+25
8.9767e+24
4.84e+24
