3.41e+24
6.3467e+24
1.0228e+25
1.4046e+25
1.7996e+25
2.174e+25
2.49e+25
2.722e+25
2.864e+25
2.924e+25
2.9e+25
2.816e+25
2.694e+25
2.544e+25
2.384e+25
2.224e+25
2.08e+25
1.948e+25
1.834e+25
1.738e+25
1.658e+25
1.594e+25
1.544e+25
1.508e+25
1.484e+25
1.47e+25
1.464e+25
1.47e+25
1.484e+25
1.508e+25
1.544e+25
1.594e+25
1.658e+25
1.738e+25
1.834e+25
1.948e+25
2.08e+25
2.224e+25
2.384e+25
2.544e+25
2.694e+25
2.816e+25
2.9e+25
2.924e+25
2.864e+25
2.722e+25
2.49e+25
2.174e+25
1.7996e+25
1.4046e+25
1.0228e+25
6.3467e+24
3.41e+24
