2.82e+25
4.9233e+25
7.18e+25
9.236e+25
1.0984e+26
1.2146e+26
1.264e+26
1.244e+26
1.1662e+26
1.055e+26
9.198e+25
7.862e+25
6.628e+25
5.534e+25
4.63e+25
3.902e+25
3.336e+25
2.902e+25
2.572e+25
2.32e+25
2.132e+25
1.992e+25
1.89e+25
1.816e+25
1.766e+25
1.738e+25
1.73e+25
1.738e+25
1.766e+25
1.816e+25
1.89e+25
1.992e+25
2.132e+25
2.32e+25
2.572e+25
2.902e+25
3.336e+25
3.902e+25
4.63e+25
5.534e+25
6.628e+25
7.862e+25
9.198e+25
1.055e+26
1.1662e+26
1.244e+26
1.264e+26
1.2146e+26
1.0984e+26
9.236e+25
7.18e+25
4.9233e+25
2.82e+25
