3.33e+23
6.42e+23
1.0972e+24
1.5746e+24
2.118e+24
2.704e+24
3.302e+24
3.882e+24
4.42e+24
4.904e+24
5.32e+24
5.666e+24
5.944e+24
6.158e+24
6.32e+24
6.428e+24
6.496e+24
6.528e+24
6.54e+24
6.536e+24
6.526e+24
6.516e+24
6.51e+24
6.504e+24
6.504e+24
6.506e+24
6.508e+24
6.506e+24
6.504e+24
6.504e+24
6.51e+24
6.516e+24
6.526e+24
6.536e+24
6.54e+24
6.528e+24
6.496e+24
6.428e+24
6.32e+24
6.158e+24
5.944e+24
5.666e+24
5.32e+24
4.904e+24
4.42e+24
3.882e+24
3.302e+24
2.704e+24
2.118e+24
1.5746e+24
1.0972e+24
6.42e+23
3.33e+23
