2.41e+25
4.2433e+25
6.246e+25
8.084e+25
9.678e+25
1.078e+26
1.132e+26
1.1248e+26
1.065e+26
9.734e+25
8.586e+25
7.412e+25
6.308e+25
5.32e+25
4.49e+25
3.814e+25
3.284e+25
2.87e+25
2.552e+25
2.31e+25
2.126e+25
1.988e+25
1.888e+25
1.816e+25
1.768e+25
1.74e+25
1.732e+25
1.74e+25
1.768e+25
1.816e+25
1.888e+25
1.988e+25
2.126e+25
2.31e+25
2.552e+25
2.87e+25
3.284e+25
3.814e+25
4.49e+25
5.32e+25
6.308e+25
7.412e+25
8.586e+25
9.734e+25
1.065e+26
1.1248e+26
1.132e+26
1.078e+26
9.678e+25
8.084e+25
6.246e+25
4.2433e+25
2.41e+25
