1.67e+24
3.0733e+24
5.066e+24
7.092e+24
9.348e+24
1.1722e+25
1.3922e+25
1.586e+25
1.742e+25
1.858e+25
1.924e+25
1.952e+25
1.944e+25
1.9e+25
1.832e+25
1.744e+25
1.65e+25
1.55e+25
1.456e+25
1.364e+25
1.28e+25
1.206e+25
1.146e+25
1.1e+25
1.068e+25
1.05e+25
1.046e+25
1.05e+25
1.068e+25
1.1e+25
1.146e+25
1.206e+25
1.28e+25
1.364e+25
1.456e+25
1.55e+25
1.65e+25
1.744e+25
1.832e+25
1.9e+25
1.944e+25
1.952e+25
1.924e+25
1.858e+25
1.742e+25
1.586e+25
1.3922e+25
1.1722e+25
9.348e+24
7.092e+24
5.066e+24
3.0733e+24
1.67e+24
