1.83e-11
3.6267e-11
6.574e-11
9.828e-11
1.3968e-10
1.9038e-10
2.486e-10
3.134e-10
3.838e-10
4.594e-10
5.39e-10
6.218e-10
7.08e-10
7.936e-10
8.78e-10
9.602e-10
1.0394e-09
1.1162e-09
1.19e-09
1.256e-09
1.312e-09
1.36e-09
1.398e-09
1.426e-09
1.448e-09
1.462e-09
1.468e-09
1.462e-09
1.448e-09
1.426e-09
1.398e-09
1.36e-09
1.312e-09
1.256e-09
1.19e-09
1.1162e-09
1.0394e-09
9.602e-10
8.78e-10
7.936e-10
7.08e-10
6.218e-10
5.39e-10
4.594e-10
3.838e-10
3.134e-10
2.486e-10
1.9038e-10
1.3968e-10
9.828e-11
6.574e-11
3.6267e-11
1.83e-11
