6.7e+24
1.2133e+25
1.918e+25
2.596e+25
3.29e+25
3.924e+25
4.432e+25
4.776e+25
4.942e+25
4.948e+25
4.804e+25
4.566e+25
4.256e+25
3.91e+25
3.55e+25
3.194e+25
2.862e+25
2.566e+25
2.312e+25
2.096e+25
1.918e+25
1.774e+25
1.662e+25
1.58e+25
1.526e+25
1.496e+25
1.486e+25
1.496e+25
1.526e+25
1.58e+25
1.662e+25
1.774e+25
1.918e+25
2.096e+25
2.312e+25
2.566e+25
2.862e+25
3.194e+25
3.55e+25
3.91e+25
4.256e+25
4.566e+25
4.804e+25
4.948e+25
4.942e+25
4.776e+25
4.432e+25
3.924e+25
3.29e+25
2.596e+25
1.918e+25
1.2133e+25
6.7e+24
