3.44e+20
6.8133e+20
1.2348e+21
1.846e+21
2.622e+21
3.574e+21
4.666e+21
5.882e+21
7.202e+21
8.622e+21
1.0114e+22
1.1668e+22
1.328e+22
1.488e+22
1.646e+22
1.798e+22
1.948e+22
2.092e+22
2.23e+22
2.354e+22
2.46e+22
2.546e+22
2.616e+22
2.67e+22
2.712e+22
2.74e+22
2.752e+22
2.74e+22
2.712e+22
2.67e+22
2.616e+22
2.546e+22
2.46e+22
2.354e+22
2.23e+22
2.092e+22
1.948e+22
1.798e+22
1.646e+22
1.488e+22
1.328e+22
1.1668e+22
1.0114e+22
8.622e+21
7.202e+21
5.882e+21
4.666e+21
3.574e+21
2.622e+21
1.846e+21
1.2348e+21
6.8133e+20
3.44e+20
