3.27e+23
6.25e+23
1.077e+24
1.5576e+24
2.1274e+24
2.776e+24
3.452e+24
4.132e+24
4.784e+24
5.398e+24
5.946e+24
6.432e+24
6.85e+24
7.18e+24
7.438e+24
7.614e+24
7.744e+24
7.826e+24
7.882e+24
7.896e+24
7.878e+24
7.834e+24
7.782e+24
7.738e+24
7.712e+24
7.702e+24
7.704e+24
7.702e+24
7.712e+24
7.738e+24
7.782e+24
7.834e+24
7.878e+24
7.896e+24
7.882e+24
7.826e+24
7.744e+24
7.614e+24
7.438e+24
7.18e+24
6.85e+24
6.432e+24
5.946e+24
5.398e+24
4.784e+24
4.132e+24
3.452e+24
2.776e+24
2.1274e+24
1.5576e+24
1.077e+24
6.25e+23
3.27e+23
