2.14e+25
3.7067e+25
5.492e+25
7.144e+25
8.648e+25
9.828e+25
1.048e+26
1.0658e+26
1.0346e+26
9.718e+25
8.774e+25
7.802e+25
6.766e+25
5.784e+25
4.898e+25
4.102e+25
3.452e+25
2.906e+25
2.484e+25
2.144e+25
1.88e+25
1.68e+25
1.53e+25
1.426e+25
1.358e+25
1.322e+25
1.31e+25
1.322e+25
1.358e+25
1.426e+25
1.53e+25
1.68e+25
1.88e+25
2.144e+25
2.484e+25
2.906e+25
3.452e+25
4.102e+25
4.898e+25
5.784e+25
6.766e+25
7.802e+25
8.774e+25
9.718e+25
1.0346e+26
1.0658e+26
1.048e+26
9.828e+25
8.648e+25
7.144e+25
5.492e+25
3.7067e+25
2.14e+25
