1.1016e+08
2.181e+08
3.953e+08
5.9117e+08
8.4011e+08
1.1454e+09
1.4954e+09
1.8857e+09
2.3093e+09
2.7637e+09
3.2428e+09
3.7416e+09
4.2595e+09
4.7747e+09
5.2851e+09
5.7752e+09
6.2556e+09
6.7153e+09
7.1542e+09
7.5487e+09
7.8882e+09
8.1672e+09
8.3933e+09
8.5683e+09
8.7054e+09
8.7929e+09
8.829e+09
8.7929e+09
8.7054e+09
8.5683e+09
8.3933e+09
8.1672e+09
7.8882e+09
7.5487e+09
7.1542e+09
6.7153e+09
6.2556e+09
5.7752e+09
5.2851e+09
4.7747e+09
4.2595e+09
3.7416e+09
3.2428e+09
2.7637e+09
2.3093e+09
1.8857e+09
1.4954e+09
1.1454e+09
8.4011e+08
5.9117e+08
3.953e+08
2.181e+08
1.1016e+08
