2.96e+25
5.0567e+25
7.366e+25
9.474e+25
1.1312e+26
1.2652e+26
1.328e+26
1.326e+26
1.262e+26
1.1622e+26
1.0266e+26
8.928e+25
7.566e+25
6.318e+25
5.228e+25
4.278e+25
3.52e+25
2.898e+25
2.426e+25
2.056e+25
1.774e+25
1.562e+25
1.406e+25
1.3e+25
1.23e+25
1.192e+25
1.18e+25
1.192e+25
1.23e+25
1.3e+25
1.406e+25
1.562e+25
1.774e+25
2.056e+25
2.426e+25
2.898e+25
3.52e+25
4.278e+25
5.228e+25
6.318e+25
7.566e+25
8.928e+25
1.0266e+26
1.1622e+26
1.262e+26
1.326e+26
1.328e+26
1.2652e+26
1.1312e+26
9.474e+25
7.366e+25
5.0567e+25
2.96e+25
