2.74e+24
4.9733e+24
8.064e+24
1.1176e+25
1.4558e+25
1.798e+25
2.104e+25
2.358e+25
2.542e+25
2.658e+25
2.698e+25
2.68e+25
2.606e+25
2.49e+25
2.344e+25
2.176e+25
2.008e+25
1.844e+25
1.692e+25
1.552e+25
1.428e+25
1.322e+25
1.236e+25
1.172e+25
1.128e+25
1.104e+25
1.096e+25
1.104e+25
1.128e+25
1.172e+25
1.236e+25
1.322e+25
1.428e+25
1.552e+25
1.692e+25
1.844e+25
2.008e+25
2.176e+25
2.344e+25
2.49e+25
2.606e+25
2.68e+25
2.698e+25
2.658e+25
2.542e+25
2.358e+25
2.104e+25
1.798e+25
1.4558e+25
1.1176e+25
8.064e+24
4.9733e+24
2.74e+24
