7.84e+22
1.5313e+23
2.7168e+23
4.006e+23
5.6e+23
7.498e+23
9.604e+23
1.186e+24
1.4194e+24
1.658e+24
1.896e+24
2.13e+24
2.36e+24
2.576e+24
2.778e+24
2.96e+24
3.13e+24
3.284e+24
3.424e+24
3.542e+24
3.638e+24
3.71e+24
3.764e+24
3.806e+24
3.84e+24
3.862e+24
3.872e+24
3.862e+24
3.84e+24
3.806e+24
3.764e+24
3.71e+24
3.638e+24
3.542e+24
3.424e+24
3.284e+24
3.13e+24
2.96e+24
2.778e+24
2.576e+24
2.36e+24
2.13e+24
1.896e+24
1.658e+24
1.4194e+24
1.186e+24
9.604e+23
7.498e+23
5.6e+23
4.006e+23
2.7168e+23
1.5313e+23
7.84e+22
