8.5e+23
1.6e+24
2.686e+24
3.814e+24
5.1e+24
6.498e+24
7.876e+24
9.172e+24
1.0294e+25
1.1254e+25
1.198e+25
1.25e+25
1.282e+25
1.294e+25
1.29e+25
1.27e+25
1.244e+25
1.21e+25
1.176e+25
1.138e+25
1.102e+25
1.066e+25
1.0366e+25
1.014e+25
9.99e+24
9.904e+24
9.89e+24
9.904e+24
9.99e+24
1.014e+25
1.0366e+25
1.066e+25
1.102e+25
1.138e+25
1.176e+25
1.21e+25
1.244e+25
1.27e+25
1.29e+25
1.294e+25
1.282e+25
1.25e+25
1.198e+25
1.1254e+25
1.0294e+25
9.172e+24
7.876e+24
6.498e+24
5.1e+24
3.814e+24
2.686e+24
1.6e+24
8.5e+23
