6.2324e+06
1.2336e+07
2.2207e+07
3.3043e+07
4.6695e+07
6.3252e+07
8.2118e+07
1.03e+08
1.2553e+08
1.4953e+08
1.7462e+08
2.0056e+08
2.2723e+08
2.5359e+08
2.7949e+08
3.0421e+08
3.2821e+08
3.5098e+08
3.7256e+08
3.9181e+08
4.0833e+08
4.2186e+08
4.3281e+08
4.4129e+08
4.4787e+08
4.5211e+08
4.5381e+08
4.5211e+08
4.4787e+08
4.4129e+08
4.3281e+08
4.2186e+08
4.0833e+08
3.9181e+08
3.7256e+08
3.5098e+08
3.2821e+08
3.0421e+08
2.7949e+08
2.5359e+08
2.2723e+08
2.0056e+08
1.7462e+08
1.4953e+08
1.2553e+08
1.03e+08
8.2118e+07
6.3252e+07
4.6695e+07
3.3043e+07
2.2207e+07
1.2336e+07
6.2324e+06
