6.83e+24
1.2377e+25
1.9546e+25
2.644e+25
3.348e+25
3.99e+25
4.5e+25
4.846e+25
5.01e+25
5.01e+25
4.858e+25
4.612e+25
4.29e+25
3.932e+25
3.562e+25
3.194e+25
2.854e+25
2.552e+25
2.294e+25
2.074e+25
1.894e+25
1.75e+25
1.636e+25
1.552e+25
1.498e+25
1.468e+25
1.456e+25
1.468e+25
1.498e+25
1.552e+25
1.636e+25
1.75e+25
1.894e+25
2.074e+25
2.294e+25
2.552e+25
2.854e+25
3.194e+25
3.562e+25
3.932e+25
4.29e+25
4.612e+25
4.858e+25
5.01e+25
5.01e+25
4.846e+25
4.5e+25
3.99e+25
3.348e+25
2.644e+25
1.9546e+25
1.2377e+25
6.83e+24
