3.96e+11
7.84e+11
1.4124e+12
2.1012e+12
2.97e+12
4.024e+12
5.224e+12
6.552e+12
7.984e+12
9.512e+12
1.111e+13
1.2768e+13
1.446e+13
1.614e+13
1.778e+13
1.934e+13
2.086e+13
2.232e+13
2.37e+13
2.492e+13
2.598e+13
2.684e+13
2.752e+13
2.804e+13
2.846e+13
2.872e+13
2.882e+13
2.872e+13
2.846e+13
2.804e+13
2.752e+13
2.684e+13
2.598e+13
2.492e+13
2.37e+13
2.232e+13
2.086e+13
1.934e+13
1.778e+13
1.614e+13
1.446e+13
1.2768e+13
1.111e+13
9.512e+12
7.984e+12
6.552e+12
5.224e+12
4.024e+12
2.97e+12
2.1012e+12
1.4124e+12
7.84e+11
3.96e+11
