2.93e+25
5.01e+25
7.308e+25
9.402e+25
1.1244e+26
1.2582e+26
1.322e+26
1.32e+26
1.258e+26
1.158e+26
1.0238e+26
8.902e+25
7.558e+25
6.316e+25
5.234e+25
4.296e+25
3.544e+25
2.934e+25
2.468e+25
2.102e+25
1.826e+25
1.618e+25
1.464e+25
1.358e+25
1.29e+25
1.252e+25
1.24e+25
1.252e+25
1.29e+25
1.358e+25
1.464e+25
1.618e+25
1.826e+25
2.102e+25
2.468e+25
2.934e+25
3.544e+25
4.296e+25
5.234e+25
6.316e+25
7.558e+25
8.902e+25
1.0238e+26
1.158e+26
1.258e+26
1.32e+26
1.322e+26
1.2582e+26
1.1244e+26
9.402e+25
7.308e+25
5.01e+25
2.93e+25
