1.77e+25
3.0967e+25
4.636e+25
6.076e+25
7.406e+25
8.488e+25
9.142e+25
9.39e+25
9.212e+25
8.752e+25
8.002e+25
7.194e+25
6.32e+25
5.472e+25
4.694e+25
3.982e+25
3.392e+25
2.89e+25
2.496e+25
2.176e+25
1.928e+25
1.738e+25
1.594e+25
1.494e+25
1.428e+25
1.392e+25
1.38e+25
1.392e+25
1.428e+25
1.494e+25
1.594e+25
1.738e+25
1.928e+25
2.176e+25
2.496e+25
2.89e+25
3.392e+25
3.982e+25
4.694e+25
5.472e+25
6.32e+25
7.194e+25
8.002e+25
8.752e+25
9.212e+25
9.39e+25
9.142e+25
8.488e+25
7.406e+25
6.076e+25
4.636e+25
3.0967e+25
1.77e+25
