1.14e+25
2.0267e+25
3.108e+25
4.136e+25
5.132e+25
5.992e+25
6.596e+25
6.93e+25
6.97e+25
6.788e+25
6.388e+25
5.898e+25
5.33e+25
4.748e+25
4.188e+25
3.658e+25
3.2e+25
2.802e+25
2.478e+25
2.21e+25
1.996e+25
1.826e+25
1.698e+25
1.606e+25
1.544e+25
1.51e+25
1.5e+25
1.51e+25
1.544e+25
1.606e+25
1.698e+25
1.826e+25
1.996e+25
2.21e+25
2.478e+25
2.802e+25
3.2e+25
3.658e+25
4.188e+25
4.748e+25
5.33e+25
5.898e+25
6.388e+25
6.788e+25
6.97e+25
6.93e+25
6.596e+25
5.992e+25
5.132e+25
4.136e+25
3.108e+25
2.0267e+25
1.14e+25
