8.44e+23
1.5847e+24
2.6628e+24
3.784e+24
5.066e+24
6.464e+24
7.828e+24
9.112e+24
1.0242e+25
1.119e+25
1.192e+25
1.244e+25
1.276e+25
1.286e+25
1.282e+25
1.26e+25
1.232e+25
1.198e+25
1.164e+25
1.126e+25
1.088e+25
1.053e+25
1.0216e+25
9.968e+24
9.796e+24
9.708e+24
9.684e+24
9.708e+24
9.796e+24
9.968e+24
1.0216e+25
1.053e+25
1.088e+25
1.126e+25
1.164e+25
1.198e+25
1.232e+25
1.26e+25
1.282e+25
1.286e+25
1.276e+25
1.244e+25
1.192e+25
1.119e+25
1.0242e+25
9.112e+24
7.828e+24
6.464e+24
5.066e+24
3.784e+24
2.6628e+24
1.5847e+24
8.44e+23
