3.56e+13
7.0067e+13
1.2364e+14
1.8092e+14
2.508e+14
3.322e+14
4.22e+14
5.178e+14
6.178e+14
7.2e+14
8.226e+14
9.232e+14
1.0214e+15
1.115e+15
1.204e+15
1.286e+15
1.362e+15
1.43e+15
1.492e+15
1.544e+15
1.586e+15
1.62e+15
1.65e+15
1.672e+15
1.688e+15
1.7e+15
1.706e+15
1.7e+15
1.688e+15
1.672e+15
1.65e+15
1.62e+15
1.586e+15
1.544e+15
1.492e+15
1.43e+15
1.362e+15
1.286e+15
1.204e+15
1.115e+15
1.0214e+15
9.232e+14
8.226e+14
7.2e+14
6.178e+14
5.178e+14
4.22e+14
3.322e+14
2.508e+14
1.8092e+14
1.2364e+14
7.0067e+13
3.56e+13
