1.44e+25
2.5367e+25
3.856e+25
5.088e+25
6.26e+25
7.222e+25
7.864e+25
8.152e+25
8.092e+25
7.77e+25
7.218e+25
6.574e+25
5.87e+25
5.178e+25
4.528e+25
3.938e+25
3.432e+25
3.008e+25
2.664e+25
2.386e+25
2.164e+25
1.99e+25
1.86e+25
1.766e+25
1.704e+25
1.67e+25
1.66e+25
1.67e+25
1.704e+25
1.766e+25
1.86e+25
1.99e+25
2.164e+25
2.386e+25
2.664e+25
3.008e+25
3.432e+25
3.938e+25
4.528e+25
5.178e+25
5.87e+25
6.574e+25
7.218e+25
7.77e+25
8.092e+25
8.152e+25
7.864e+25
7.222e+25
6.26e+25
5.088e+25
3.856e+25
2.5367e+25
1.44e+25
