2.55e+17
5.0367e+17
8.862e+17
1.2972e+18
1.7984e+18
2.382e+18
3.028e+18
3.716e+18
4.434e+18
5.168e+18
5.904e+18
6.632e+18
7.344e+18
8.02e+18
8.656e+18
9.238e+18
9.784e+18
1.028e+19
1.0724e+19
1.11e+19
1.142e+19
1.166e+19
1.186e+19
1.202e+19
1.214e+19
1.222e+19
1.226e+19
1.222e+19
1.214e+19
1.202e+19
1.186e+19
1.166e+19
1.142e+19
1.11e+19
1.0724e+19
1.028e+19
9.784e+18
9.238e+18
8.656e+18
8.02e+18
7.344e+18
6.632e+18
5.904e+18
5.168e+18
4.434e+18
3.716e+18
3.028e+18
2.382e+18
1.7984e+18
1.2972e+18
8.862e+17
5.0367e+17
2.55e+17
