7.13e+24
1.291e+25
2.0286e+25
2.736e+25
3.45e+25
4.094e+25
4.598e+25
4.93e+25
5.078e+25
5.064e+25
4.9e+25
4.646e+25
4.322e+25
3.966e+25
3.606e+25
3.252e+25
2.93e+25
2.646e+25
2.406e+25
2.202e+25
2.036e+25
1.904e+25
1.8e+25
1.724e+25
1.674e+25
1.646e+25
1.636e+25
1.646e+25
1.674e+25
1.724e+25
1.8e+25
1.904e+25
2.036e+25
2.202e+25
2.406e+25
2.646e+25
2.93e+25
3.252e+25
3.606e+25
3.966e+25
4.322e+25
4.646e+25
4.9e+25
5.064e+25
5.078e+25
4.93e+25
4.598e+25
4.094e+25
3.45e+25
2.736e+25
2.0286e+25
1.291e+25
7.13e+24
