2.82e+25
4.84e+25
7.104e+25
9.16e+25
1.0964e+26
1.226e+26
1.29e+26
1.29e+26
1.23e+26
1.1342e+26
1.0088e+26
8.81e+25
7.526e+25
6.368e+25
5.354e+25
4.488e+25
3.784e+25
3.22e+25
2.782e+25
2.438e+25
2.174e+25
1.972e+25
1.822e+25
1.714e+25
1.644e+25
1.604e+25
1.59e+25
1.604e+25
1.644e+25
1.714e+25
1.822e+25
1.972e+25
2.174e+25
2.438e+25
2.782e+25
3.22e+25
3.784e+25
4.488e+25
5.354e+25
6.368e+25
7.526e+25
8.81e+25
1.0088e+26
1.1342e+26
1.23e+26
1.29e+26
1.29e+26
1.226e+26
1.0964e+26
9.16e+25
7.104e+25
4.84e+25
2.82e+25
