5.25e+24
9.54e+24
1.5284e+25
2.0834e+25
2.658e+25
3.196e+25
3.638e+25
3.956e+25
4.136e+25
4.188e+25
4.114e+25
3.958e+25
3.736e+25
3.476e+25
3.2e+25
2.922e+25
2.66e+25
2.424e+25
2.218e+25
2.042e+25
1.896e+25
1.778e+25
1.682e+25
1.612e+25
1.564e+25
1.536e+25
1.526e+25
1.536e+25
1.564e+25
1.612e+25
1.682e+25
1.778e+25
1.896e+25
2.042e+25
2.218e+25
2.424e+25
2.66e+25
2.922e+25
3.2e+25
3.476e+25
3.736e+25
3.958e+25
4.114e+25
4.188e+25
4.136e+25
3.956e+25
3.638e+25
3.196e+25
2.658e+25
2.0834e+25
1.5284e+25
9.54e+24
5.25e+24
