4.35e+23
8.3067e+23
1.4184e+24
2.0314e+24
2.744e+24
3.53e+24
4.334e+24
5.122e+24
5.86e+24
6.534e+24
7.118e+24
7.612e+24
8.014e+24
8.316e+24
8.53e+24
8.658e+24
8.732e+24
8.756e+24
8.75e+24
8.712e+24
8.654e+24
8.586e+24
8.522e+24
8.474e+24
8.444e+24
8.432e+24
8.43e+24
8.432e+24
8.444e+24
8.474e+24
8.522e+24
8.586e+24
8.654e+24
8.712e+24
8.75e+24
8.756e+24
8.732e+24
8.658e+24
8.53e+24
8.316e+24
8.014e+24
7.612e+24
7.118e+24
6.534e+24
5.86e+24
5.122e+24
4.334e+24
3.53e+24
2.744e+24
2.0314e+24
1.4184e+24
8.3067e+23
4.35e+23
