2.08e+25
3.6233e+25
5.404e+25
7.048e+25
8.558e+25
9.71e+25
1.0376e+26
1.0552e+26
1.025e+26
9.616e+25
8.72e+25
7.76e+25
6.754e+25
5.806e+25
4.95e+25
4.196e+25
3.57e+25
3.058e+25
2.654e+25
2.332e+25
2.084e+25
1.894e+25
1.752e+25
1.652e+25
1.588e+25
1.552e+25
1.54e+25
1.552e+25
1.588e+25
1.652e+25
1.752e+25
1.894e+25
2.084e+25
2.332e+25
2.654e+25
3.058e+25
3.57e+25
4.196e+25
4.95e+25
5.806e+25
6.754e+25
7.76e+25
8.72e+25
9.616e+25
1.025e+26
1.0552e+26
1.0376e+26
9.71e+25
8.558e+25
7.048e+25
5.404e+25
3.6233e+25
2.08e+25
